19 37 55 88 121  ==> 58 91 109 124 127  #SUP: 7150 #CONF: 1.0
34 55  ==> 37 58  #SUP: 7192 #CONF: 1.0
19 37 106  ==> 58 91 109 127  #SUP: 7216 #CONF: 1.0
37 55  ==> 58  #SUP: 7219 #CONF: 1.0
37 109  ==> 58 91 127  #SUP: 7220 #CONF: 1.0
19  ==> 58  #SUP: 7221 #CONF: 1.0
91  ==> 58 109 127  #SUP: 7221 #CONF: 1.0
127  ==> 58 91 109  #SUP: 7221 #CONF: 1.0
109  ==> 58 91 127  #SUP: 7221 #CONF: 1.0
37  ==> 58  #SUP: 7221 #CONF: 1.0
37 127  ==> 58 91 109  #SUP: 7220 #CONF: 1.0
37 91  ==> 58 109 127  #SUP: 7220 #CONF: 1.0
19 127  ==> 58 91 109  #SUP: 7220 #CONF: 1.0
19 109  ==> 58 91 127  #SUP: 7220 #CONF: 1.0
19 91  ==> 58 109 127  #SUP: 7220 #CONF: 1.0
19 37 127  ==> 58 91 109  #SUP: 7219 #CONF: 1.0
55  ==> 58  #SUP: 7220 #CONF: 1.0
19 37  ==> 58  #SUP: 7220 #CONF: 1.0
19 37 91  ==> 58 109 127  #SUP: 7219 #CONF: 1.0
55 91  ==> 58 109 127  #SUP: 7219 #CONF: 1.0
19 37 109  ==> 58 91 127  #SUP: 7219 #CONF: 1.0
55 127  ==> 58 91 109  #SUP: 7219 #CONF: 1.0
55 109  ==> 58 91 127  #SUP: 7219 #CONF: 1.0
19 55  ==> 58  #SUP: 7219 #CONF: 1.0
88  ==> 58 91 109 127  #SUP: 7218 #CONF: 1.0
19 55 109  ==> 58 91 127  #SUP: 7218 #CONF: 1.0
19 55 127  ==> 58 91 109  #SUP: 7218 #CONF: 1.0
37 55 109  ==> 58 91 127  #SUP: 7218 #CONF: 1.0
37 55 91  ==> 58 109 127  #SUP: 7218 #CONF: 1.0
19 55 91  ==> 58 109 127  #SUP: 7218 #CONF: 1.0
19 37 55  ==> 58  #SUP: 7218 #CONF: 1.0
37 55 127  ==> 58 91 109  #SUP: 7218 #CONF: 1.0
106  ==> 58 91 109 127  #SUP: 7218 #CONF: 1.0
37 106  ==> 58 91 109 127  #SUP: 7217 #CONF: 1.0
19 37 55 91  ==> 58 109 127  #SUP: 7217 #CONF: 1.0
19 37 55 127  ==> 58 91 109  #SUP: 7217 #CONF: 1.0
124  ==> 58 91 109 127  #SUP: 7218 #CONF: 1.0
19 37 55 109  ==> 58 91 127  #SUP: 7217 #CONF: 1.0
19 88  ==> 58 91 109 127  #SUP: 7217 #CONF: 1.0
19 106  ==> 58 91 109 127  #SUP: 7217 #CONF: 1.0
37 124  ==> 58 91 109 127  #SUP: 7217 #CONF: 1.0
19 124  ==> 58 91 109 127  #SUP: 7217 #CONF: 1.0
19 37 88  ==> 58 91 109 127  #SUP: 7216 #CONF: 1.0
37 88  ==> 58 91 109 127  #SUP: 7217 #CONF: 1.0
19 37 124  ==> 58 91 109 127  #SUP: 7216 #CONF: 1.0
19 37 106 124  ==> 58 91 109 127  #SUP: 7213 #CONF: 1.0
88 106  ==> 58 91 109 127  #SUP: 7215 #CONF: 1.0
19 55 88  ==> 58 91 109 127  #SUP: 7215 #CONF: 1.0
55 124  ==> 58 91 109 127  #SUP: 7216 #CONF: 1.0
55 106  ==> 58 91 109 127  #SUP: 7216 #CONF: 1.0
55 88  ==> 58 91 109 127  #SUP: 7216 #CONF: 1.0
37 55 88  ==> 58 91 109 127  #SUP: 7215 #CONF: 1.0
19 55 106  ==> 58 91 109 127  #SUP: 7215 #CONF: 1.0
37 55 124  ==> 58 91 109 127  #SUP: 7215 #CONF: 1.0
37 55 106  ==> 58 91 109 127  #SUP: 7215 #CONF: 1.0
19 55 124  ==> 58 91 109 127  #SUP: 7215 #CONF: 1.0
88 124  ==> 58 91 109 127  #SUP: 7215 #CONF: 1.0
106 124  ==> 58 91 109 127  #SUP: 7215 #CONF: 1.0
37 88 124  ==> 58 91 109 127  #SUP: 7214 #CONF: 1.0
19 37 55 106  ==> 58 91 109 127  #SUP: 7214 #CONF: 1.0
19 37 55 124  ==> 58 91 109 127  #SUP: 7214 #CONF: 1.0
19 37 55 88  ==> 58 91 109 127  #SUP: 7214 #CONF: 1.0
37 88 106  ==> 58 91 109 127  #SUP: 7214 #CONF: 1.0
19 88 124  ==> 58 91 109 127  #SUP: 7214 #CONF: 1.0
19 88 106  ==> 58 91 109 127  #SUP: 7214 #CONF: 1.0
37 106 124  ==> 58 91 109 127  #SUP: 7214 #CONF: 1.0
19 37 88 106  ==> 58 91 109 127  #SUP: 7213 #CONF: 1.0
19 106 124  ==> 58 91 109 127  #SUP: 7214 #CONF: 1.0
19 37 88 124  ==> 58 91 109 127  #SUP: 7213 #CONF: 1.0
19 37 55 88 124  ==> 58 91 109 127  #SUP: 7211 #CONF: 1.0
19 55 88 106  ==> 58 91 109 127  #SUP: 7212 #CONF: 1.0
55 88 124  ==> 58 91 109 127  #SUP: 7213 #CONF: 1.0
55 106 124  ==> 58 91 109 127  #SUP: 7213 #CONF: 1.0
55 88 106  ==> 58 91 109 127  #SUP: 7213 #CONF: 1.0
19 55 106 124  ==> 58 91 109 127  #SUP: 7212 #CONF: 1.0
37 55 88 106  ==> 58 91 109 127  #SUP: 7212 #CONF: 1.0
88 106 124  ==> 58 91 109 127  #SUP: 7212 #CONF: 1.0
19 55 88 124  ==> 58 91 109 127  #SUP: 7212 #CONF: 1.0
37 55 106 124  ==> 58 91 109 127  #SUP: 7212 #CONF: 1.0
37 55 88 124  ==> 58 91 109 127  #SUP: 7212 #CONF: 1.0
19 37 55 88 106  ==> 58 91 109 127  #SUP: 7211 #CONF: 1.0
19 37 55 106 124  ==> 58 91 109 127  #SUP: 7211 #CONF: 1.0
19 34  ==> 37 58  #SUP: 7193 #CONF: 1.0
37 55 88 106 124  ==> 58 91 109 127  #SUP: 7209 #CONF: 1.0
37 88 106 124  ==> 58 91 109 127  #SUP: 7211 #CONF: 1.0
19 88 106 124  ==> 58 91 109 127  #SUP: 7211 #CONF: 1.0
55 88 106 124  ==> 58 91 109 127  #SUP: 7210 #CONF: 1.0
19 37 88 106 124  ==> 58 91 109 127  #SUP: 7210 #CONF: 1.0
19 55 88 106 124  ==> 58 91 109 127  #SUP: 7209 #CONF: 1.0
34  ==> 37 58  #SUP: 7194 #CONF: 1.0
19 37 55 88 106 124  ==> 58 91 109 127  #SUP: 7208 #CONF: 1.0
34 109  ==> 37 58 91 127  #SUP: 7193 #CONF: 1.0
34 91  ==> 37 58 109 127  #SUP: 7193 #CONF: 1.0
34 127  ==> 37 58 91 109  #SUP: 7193 #CONF: 1.0
19 34 91  ==> 37 58 109 127  #SUP: 7192 #CONF: 1.0
19 34 109  ==> 37 58 91 127  #SUP: 7192 #CONF: 1.0
19 34 127  ==> 37 58 91 109  #SUP: 7192 #CONF: 1.0
19 55 103  ==> 58 91 106 109 127  #SUP: 7162 #CONF: 1.0
19 34 55 88 124  ==> 37 58 91 109 127  #SUP: 7184 #CONF: 1.0
16 55  ==> 19 58  #SUP: 7190 #CONF: 1.0
16 37  ==> 19 58  #SUP: 7191 #CONF: 1.0
34 55 127  ==> 37 58 91 109  #SUP: 7191 #CONF: 1.0
34 55 91  ==> 37 58 109 127  #SUP: 7191 #CONF: 1.0
16  ==> 19 58  #SUP: 7192 #CONF: 1.0
34 55 109  ==> 37 58 91 127  #SUP: 7191 #CONF: 1.0
16 91  ==> 19 58 109 127  #SUP: 7191 #CONF: 1.0
19 34 55  ==> 37 58  #SUP: 7191 #CONF: 1.0
16 109  ==> 19 58 91 127  #SUP: 7191 #CONF: 1.0
16 127  ==> 19 58 91 109  #SUP: 7191 #CONF: 1.0
16 37 127  ==> 19 58 91 109  #SUP: 7190 #CONF: 1.0
19 34 55 127  ==> 37 58 91 109  #SUP: 7190 #CONF: 1.0
19 34 55 91  ==> 37 58 109 127  #SUP: 7190 #CONF: 1.0
19 34 55 109  ==> 37 58 91 127  #SUP: 7190 #CONF: 1.0
16 37 109  ==> 19 58 91 127  #SUP: 7190 #CONF: 1.0
16 37 91  ==> 19 58 109 127  #SUP: 7190 #CONF: 1.0
34 88  ==> 37 58 91 109 127  #SUP: 7190 #CONF: 1.0
34 106  ==> 37 58 91 109 127  #SUP: 7190 #CONF: 1.0
34 124  ==> 37 58 91 109 127  #SUP: 7190 #CONF: 1.0
16 55 124  ==> 19 58 91 109 127  #SUP: 7186 #CONF: 1.0
19 34 55 106  ==> 37 58 91 109 127  #SUP: 7187 #CONF: 1.0
16 37 55 91  ==> 19 58 109 127  #SUP: 7188 #CONF: 1.0
16 55 109  ==> 19 58 91 127  #SUP: 7189 #CONF: 1.0
19 34 88  ==> 37 58 91 109 127  #SUP: 7189 #CONF: 1.0
19 34 106  ==> 37 58 91 109 127  #SUP: 7189 #CONF: 1.0
19 34 124  ==> 37 58 91 109 127  #SUP: 7189 #CONF: 1.0
16 55 91  ==> 19 58 109 127  #SUP: 7189 #CONF: 1.0
16 37 55  ==> 19 58  #SUP: 7189 #CONF: 1.0
16 55 127  ==> 19 58 91 109  #SUP: 7189 #CONF: 1.0
16 37 55 127  ==> 19 58 91 109  #SUP: 7188 #CONF: 1.0
16 37 55 109  ==> 19 58 91 127  #SUP: 7188 #CONF: 1.0
16 124  ==> 19 58 91 109 127  #SUP: 7188 #CONF: 1.0
34 55 106  ==> 37 58 91 109 127  #SUP: 7188 #CONF: 1.0
34 55 88  ==> 37 58 91 109 127  #SUP: 7188 #CONF: 1.0
34 55 124  ==> 37 58 91 109 127  #SUP: 7188 #CONF: 1.0
16 106  ==> 19 58 91 109 127  #SUP: 7188 #CONF: 1.0
16 88  ==> 19 58 91 109 127  #SUP: 7188 #CONF: 1.0
19 34 55 88  ==> 37 58 91 109 127  #SUP: 7187 #CONF: 1.0
19 34 55 124  ==> 37 58 91 109 127  #SUP: 7187 #CONF: 1.0
16 37 124  ==> 19 58 91 109 127  #SUP: 7187 #CONF: 1.0
16 37 106  ==> 19 58 91 109 127  #SUP: 7187 #CONF: 1.0
16 37 88  ==> 19 58 91 109 127  #SUP: 7187 #CONF: 1.0
34 88 124  ==> 37 58 91 109 127  #SUP: 7187 #CONF: 1.0
34 88 106  ==> 37 58 91 109 127  #SUP: 7187 #CONF: 1.0
34 106 124  ==> 37 58 91 109 127  #SUP: 7187 #CONF: 1.0
19 34 88 124  ==> 37 58 91 109 127  #SUP: 7186 #CONF: 1.0
19 34 88 106  ==> 37 58 91 109 127  #SUP: 7186 #CONF: 1.0
19 34 106 124  ==> 37 58 91 109 127  #SUP: 7186 #CONF: 1.0
16 55 88  ==> 19 58 91 109 127  #SUP: 7186 #CONF: 1.0
16 55 106  ==> 19 58 91 109 127  #SUP: 7186 #CONF: 1.0
16 37 55 106  ==> 19 58 91 109 127  #SUP: 7185 #CONF: 1.0
34 55 106 124  ==> 37 58 91 109 127  #SUP: 7185 #CONF: 1.0
16 37 55 124  ==> 19 58 91 109 127  #SUP: 7185 #CONF: 1.0
16 37 55 88  ==> 19 58 91 109 127  #SUP: 7185 #CONF: 1.0
16 88 106  ==> 19 58 91 109 127  #SUP: 7185 #CONF: 1.0
34 55 88 106  ==> 37 58 91 109 127  #SUP: 7185 #CONF: 1.0
34 55 88 124  ==> 37 58 91 109 127  #SUP: 7185 #CONF: 1.0
16 106 124  ==> 19 58 91 109 127  #SUP: 7185 #CONF: 1.0
16 88 124  ==> 19 58 91 109 127  #SUP: 7185 #CONF: 1.0
19 34 55 88 106  ==> 37 58 91 109 127  #SUP: 7184 #CONF: 1.0
19 34 55 106 124  ==> 37 58 91 109 127  #SUP: 7184 #CONF: 1.0
16 34  ==> 19 37 58  #SUP: 7164 #CONF: 1.0
52 88  ==> 55 58 91 109 127  #SUP: 7166 #CONF: 1.0
16 37 55 88 106 124  ==> 19 58 91 109 127  #SUP: 7179 #CONF: 1.0
16 37 55 88 124  ==> 19 58 91 109 127  #SUP: 7182 #CONF: 1.0
16 55 88 124  ==> 19 58 91 109 127  #SUP: 7183 #CONF: 1.0
19 34 88 106 124  ==> 37 58 91 109 127  #SUP: 7183 #CONF: 1.0
16 37 88 124  ==> 19 58 91 109 127  #SUP: 7184 #CONF: 1.0
34 88 106 124  ==> 37 58 91 109 127  #SUP: 7184 #CONF: 1.0
16 37 106 124  ==> 19 58 91 109 127  #SUP: 7184 #CONF: 1.0
16 37 88 106  ==> 19 58 91 109 127  #SUP: 7184 #CONF: 1.0
16 55 106 124  ==> 19 58 91 109 127  #SUP: 7183 #CONF: 1.0
16 55 88 106  ==> 19 58 91 109 127  #SUP: 7183 #CONF: 1.0
34 55 88 106 124  ==> 37 58 91 109 127  #SUP: 7182 #CONF: 1.0
16 37 55 106 124  ==> 19 58 91 109 127  #SUP: 7182 #CONF: 1.0
16 37 55 88 106  ==> 19 58 91 109 127  #SUP: 7182 #CONF: 1.0
19 34 55 88 106 124  ==> 37 58 91 109 127  #SUP: 7181 #CONF: 1.0
16 88 106 124  ==> 19 58 91 109 127  #SUP: 7182 #CONF: 1.0
16 55 88 106 124  ==> 19 58 91 109 127  #SUP: 7180 #CONF: 1.0
16 37 88 106 124  ==> 19 58 91 109 127  #SUP: 7181 #CONF: 1.0
19 52 127  ==> 55 58 91 109  #SUP: 7168 #CONF: 1.0
37 52  ==> 55 58  #SUP: 7169 #CONF: 1.0
52 127  ==> 55 58 91 109  #SUP: 7169 #CONF: 1.0
52  ==> 55 58  #SUP: 7170 #CONF: 1.0
52 91  ==> 55 58 109 127  #SUP: 7169 #CONF: 1.0
52 109  ==> 55 58 91 127  #SUP: 7169 #CONF: 1.0
19 52  ==> 55 58  #SUP: 7169 #CONF: 1.0
19 52 109  ==> 55 58 91 127  #SUP: 7168 #CONF: 1.0
37 52 127  ==> 55 58 91 109  #SUP: 7168 #CONF: 1.0
37 52 91  ==> 55 58 109 127  #SUP: 7168 #CONF: 1.0
37 52 109  ==> 55 58 91 127  #SUP: 7168 #CONF: 1.0
19 52 91  ==> 55 58 109 127  #SUP: 7168 #CONF: 1.0
19 37 52 127  ==> 55 58 91 109  #SUP: 7167 #CONF: 1.0
19 37 52 109  ==> 55 58 91 127  #SUP: 7167 #CONF: 1.0
19 37 52  ==> 55 58  #SUP: 7168 #CONF: 1.0
19 37 52 91  ==> 55 58 109 127  #SUP: 7167 #CONF: 1.0
52 124  ==> 55 58 91 109 127  #SUP: 7166 #CONF: 1.0
52 106  ==> 55 58 91 109 127  #SUP: 7166 #CONF: 1.0
19 37 52 106  ==> 55 58 91 109 127  #SUP: 7164 #CONF: 1.0
37 52 106  ==> 55 58 91 109 127  #SUP: 7165 #CONF: 1.0
19 52 106  ==> 55 58 91 109 127  #SUP: 7165 #CONF: 1.0
19 52 88  ==> 55 58 91 109 127  #SUP: 7165 #CONF: 1.0
37 52 124  ==> 55 58 91 109 127  #SUP: 7165 #CONF: 1.0
103  ==> 58 91 106 109 127  #SUP: 7165 #CONF: 1.0
19 52 124  ==> 55 58 91 109 127  #SUP: 7165 #CONF: 1.0
37 52 88  ==> 55 58 91 109 127  #SUP: 7165 #CONF: 1.0
85  ==> 58 88 91 109 127  #SUP: 7165 #CONF: 1.0
19 37 52 124  ==> 55 58 91 109 127  #SUP: 7164 #CONF: 1.0
19 37 52 88  ==> 55 58 91 109 127  #SUP: 7164 #CONF: 1.0
19 103  ==> 58 91 106 109 127  #SUP: 7164 #CONF: 1.0
37 85  ==> 58 88 91 109 127  #SUP: 7164 #CONF: 1.0
37 103  ==> 58 91 106 109 127  #SUP: 7164 #CONF: 1.0
19 85  ==> 58 88 91 109 127  #SUP: 7164 #CONF: 1.0
55 85  ==> 58 88 91 109 127  #SUP: 7163 #CONF: 1.0
16 34 127  ==> 19 37 58 91 109  #SUP: 7163 #CONF: 1.0
52 88 124  ==> 55 58 91 109 127  #SUP: 7163 #CONF: 1.0
52 106 124  ==> 55 58 91 109 127  #SUP: 7163 #CONF: 1.0
19 37 85  ==> 58 88 91 109 127  #SUP: 7163 #CONF: 1.0
16 34 109  ==> 19 37 58 91 127  #SUP: 7163 #CONF: 1.0
52 88 106  ==> 55 58 91 109 127  #SUP: 7163 #CONF: 1.0
16 34 91  ==> 19 37 58 109 127  #SUP: 7163 #CONF: 1.0
55 103  ==> 58 91 106 109 127  #SUP: 7163 #CONF: 1.0
19 37 103  ==> 58 91 106 109 127  #SUP: 7163 #CONF: 1.0
19 52 88 124  ==> 55 58 91 109 127  #SUP: 7162 #CONF: 1.0
37 52 106 124  ==> 55 58 91 109 127  #SUP: 7162 #CONF: 1.0
19 52 106 124  ==> 55 58 91 109 127  #SUP: 7162 #CONF: 1.0
19 52 88 106  ==> 55 58 91 109 127  #SUP: 7162 #CONF: 1.0
37 52 88 124  ==> 55 58 91 109 127  #SUP: 7162 #CONF: 1.0
37 52 88 106  ==> 55 58 91 109 127  #SUP: 7162 #CONF: 1.0
37 55 103  ==> 58 91 106 109 127  #SUP: 7162 #CONF: 1.0
37 55 85  ==> 58 88 91 109 127  #SUP: 7162 #CONF: 1.0
19 55 85  ==> 58 88 91 109 127  #SUP: 7162 #CONF: 1.0
55 88 103 124  ==> 58 91 106 109 127  #SUP: 7157 #CONF: 1.0
55 103 124  ==> 58 91 106 109 127  #SUP: 7160 #CONF: 1.0
19 88 103  ==> 58 91 106 109 127  #SUP: 7161 #CONF: 1.0
16 34 55 109  ==> 19 37 58 91 127  #SUP: 7161 #CONF: 1.0
19 37 52 106 124  ==> 55 58 91 109 127  #SUP: 7161 #CONF: 1.0
85 106  ==> 58 88 91 109 127  #SUP: 7162 #CONF: 1.0
88 103  ==> 58 91 106 109 127  #SUP: 7162 #CONF: 1.0
16 34 55  ==> 19 37 58  #SUP: 7162 #CONF: 1.0
103 124  ==> 58 91 106 109 127  #SUP: 7162 #CONF: 1.0
85 124  ==> 58 88 91 109 127  #SUP: 7162 #CONF: 1.0
19 37 52 88 124  ==> 55 58 91 109 127  #SUP: 7161 #CONF: 1.0
19 37 52 88 106  ==> 55 58 91 109 127  #SUP: 7161 #CONF: 1.0
19 37 55 85  ==> 58 88 91 109 127  #SUP: 7161 #CONF: 1.0
19 37 55 103  ==> 58 91 106 109 127  #SUP: 7161 #CONF: 1.0
16 34 55 127  ==> 19 37 58 91 109  #SUP: 7161 #CONF: 1.0
16 34 55 91  ==> 19 37 58 109 127  #SUP: 7161 #CONF: 1.0
37 103 124  ==> 58 91 106 109 127  #SUP: 7161 #CONF: 1.0
19 103 124  ==> 58 91 106 109 127  #SUP: 7161 #CONF: 1.0
19 85 106  ==> 58 88 91 109 127  #SUP: 7161 #CONF: 1.0
19 85 124  ==> 58 88 91 109 127  #SUP: 7161 #CONF: 1.0
37 85 124  ==> 58 88 91 109 127  #SUP: 7161 #CONF: 1.0
37 88 103  ==> 58 91 106 109 127  #SUP: 7161 #CONF: 1.0
37 85 106  ==> 58 88 91 109 127  #SUP: 7161 #CONF: 1.0
19 37 103 124  ==> 58 91 106 109 127  #SUP: 7160 #CONF: 1.0
19 37 85 106  ==> 58 88 91 109 127  #SUP: 7160 #CONF: 1.0
52 88 106 124  ==> 55 58 91 109 127  #SUP: 7160 #CONF: 1.0
19 37 88 103  ==> 58 91 106 109 127  #SUP: 7160 #CONF: 1.0
19 37 85 124  ==> 58 88 91 109 127  #SUP: 7160 #CONF: 1.0
16 34 88  ==> 19 37 58 91 109 127  #SUP: 7160 #CONF: 1.0
16 34 106  ==> 19 37 58 91 109 127  #SUP: 7160 #CONF: 1.0
55 85 124  ==> 58 88 91 109 127  #SUP: 7160 #CONF: 1.0
16 34 124  ==> 19 37 58 91 109 127  #SUP: 7160 #CONF: 1.0
55 85 106  ==> 58 88 91 109 127  #SUP: 7160 #CONF: 1.0
19 37 55 85 124  ==> 58 88 91 109 127  #SUP: 7158 #CONF: 1.0
19 37 52 88 106 124  ==> 55 58 91 109 127  #SUP: 7158 #CONF: 1.0
37 55 103 124  ==> 58 91 106 109 127  #SUP: 7159 #CONF: 1.0
37 52 88 106 124  ==> 55 58 91 109 127  #SUP: 7159 #CONF: 1.0
19 52 88 106 124  ==> 55 58 91 109 127  #SUP: 7159 #CONF: 1.0
55 88 103  ==> 58 91 106 109 127  #SUP: 7160 #CONF: 1.0
37 55 85 106  ==> 58 88 91 109 127  #SUP: 7159 #CONF: 1.0
19 55 88 103  ==> 58 91 106 109 127  #SUP: 7159 #CONF: 1.0
19 55 85 124  ==> 58 88 91 109 127  #SUP: 7159 #CONF: 1.0
19 55 85 106  ==> 58 88 91 109 127  #SUP: 7159 #CONF: 1.0
37 55 88 103  ==> 58 91 106 109 127  #SUP: 7159 #CONF: 1.0
37 55 85 124  ==> 58 88 91 109 127  #SUP: 7159 #CONF: 1.0
19 55 103 124  ==> 58 91 106 109 127  #SUP: 7159 #CONF: 1.0
88 103 124  ==> 58 91 106 109 127  #SUP: 7159 #CONF: 1.0
85 106 124  ==> 58 88 91 109 127  #SUP: 7159 #CONF: 1.0
19 37 55 103 124  ==> 58 91 106 109 127  #SUP: 7158 #CONF: 1.0
19 37 55 85 106  ==> 58 88 91 109 127  #SUP: 7158 #CONF: 1.0
19 37 55 88 103  ==> 58 91 106 109 127  #SUP: 7158 #CONF: 1.0
19 37 88 103 124  ==> 58 91 106 109 127  #SUP: 7157 #CONF: 1.0
37 88 103 124  ==> 58 91 106 109 127  #SUP: 7158 #CONF: 1.0
16 34 55 124  ==> 19 37 58 91 109 127  #SUP: 7158 #CONF: 1.0
16 34 55 106  ==> 19 37 58 91 109 127  #SUP: 7158 #CONF: 1.0
16 34 55 88  ==> 19 37 58 91 109 127  #SUP: 7158 #CONF: 1.0
19 85 106 124  ==> 58 88 91 109 127  #SUP: 7158 #CONF: 1.0
37 85 106 124  ==> 58 88 91 109 127  #SUP: 7158 #CONF: 1.0
19 88 103 124  ==> 58 91 106 109 127  #SUP: 7158 #CONF: 1.0
19 37 85 106 124  ==> 58 88 91 109 127  #SUP: 7157 #CONF: 1.0
16 34 106 124  ==> 19 37 58 91 109 127  #SUP: 7157 #CONF: 1.0
16 34 88 124  ==> 19 37 58 91 109 127  #SUP: 7157 #CONF: 1.0
55 85 106 124  ==> 58 88 91 109 127  #SUP: 7157 #CONF: 1.0
16 34 88 106  ==> 19 37 58 91 109 127  #SUP: 7157 #CONF: 1.0
19 106 121  ==> 58 91 109 124 127  #SUP: 7153 #CONF: 1.0
19 37 55 88 103 124  ==> 58 91 106 109 127  #SUP: 7155 #CONF: 1.0
37 55 85 106 124  ==> 58 88 91 109 127  #SUP: 7156 #CONF: 1.0
37 55 88 103 124  ==> 58 91 106 109 127  #SUP: 7156 #CONF: 1.0
121  ==> 58 91 109 124 127  #SUP: 7157 #CONF: 1.0
19 55 88 103 124  ==> 58 91 106 109 127  #SUP: 7156 #CONF: 1.0
37 121  ==> 58 91 109 124 127  #SUP: 7156 #CONF: 1.0
19 55 85 106 124  ==> 58 88 91 109 127  #SUP: 7156 #CONF: 1.0
19 37 55 85 106 124  ==> 58 88 91 109 127  #SUP: 7155 #CONF: 1.0
19 121  ==> 58 91 109 124 127  #SUP: 7156 #CONF: 1.0
37 55 121  ==> 58 91 109 124 127  #SUP: 7154 #CONF: 1.0
19 37 121  ==> 58 91 109 124 127  #SUP: 7155 #CONF: 1.0
16 34 55 106 124  ==> 19 37 58 91 109 127  #SUP: 7155 #CONF: 1.0
16 34 55 88 124  ==> 19 37 58 91 109 127  #SUP: 7155 #CONF: 1.0
16 34 55 88 106  ==> 19 37 58 91 109 127  #SUP: 7155 #CONF: 1.0
16 34 88 106 124  ==> 19 37 58 91 109 127  #SUP: 7154 #CONF: 1.0
55 121  ==> 58 91 109 124 127  #SUP: 7155 #CONF: 1.0
19 55 121  ==> 58 91 109 124 127  #SUP: 7154 #CONF: 1.0
19 37 55 121  ==> 58 91 109 124 127  #SUP: 7153 #CONF: 1.0
106 121  ==> 58 91 109 124 127  #SUP: 7154 #CONF: 1.0
88 121  ==> 58 91 109 124 127  #SUP: 7154 #CONF: 1.0
37 106 121  ==> 58 91 109 124 127  #SUP: 7153 #CONF: 1.0
37 88 121  ==> 58 91 109 124 127  #SUP: 7153 #CONF: 1.0
55 106 121  ==> 58 91 109 124 127  #SUP: 7152 #CONF: 1.0
19 37 106 121  ==> 58 91 109 124 127  #SUP: 7152 #CONF: 1.0
16 34 55 88 106 124  ==> 19 37 58 91 109 127  #SUP: 7152 #CONF: 1.0
19 88 121  ==> 58 91 109 124 127  #SUP: 7153 #CONF: 1.0
19 37 88 121  ==> 58 91 109 124 127  #SUP: 7152 #CONF: 1.0
55 88 121  ==> 58 91 109 124 127  #SUP: 7152 #CONF: 1.0
37 55 106 121  ==> 58 91 109 124 127  #SUP: 7151 #CONF: 1.0
37 55 88 121  ==> 58 91 109 124 127  #SUP: 7151 #CONF: 1.0
19 55 88 121  ==> 58 91 109 124 127  #SUP: 7151 #CONF: 1.0
19 55 106 121  ==> 58 91 109 124 127  #SUP: 7151 #CONF: 1.0
19 37 55 106 121  ==> 58 91 109 124 127  #SUP: 7150 #CONF: 1.0
88 106 121  ==> 58 91 109 124 127  #SUP: 7151 #CONF: 1.0
16 37 52 106  ==> 19 55 58 91 109 127  #SUP: 7135 #CONF: 1.0
16 37 52  ==> 19 55 58  #SUP: 7139 #CONF: 1.0
34 52 109  ==> 37 55 58 91 127  #SUP: 7141 #CONF: 1.0
55 88 106 121  ==> 58 91 109 124 127  #SUP: 7149 #CONF: 1.0
37 88 106 121  ==> 58 91 109 124 127  #SUP: 7150 #CONF: 1.0
19 88 106 121  ==> 58 91 109 124 127  #SUP: 7150 #CONF: 1.0
19 37 88 106 121  ==> 58 91 109 124 127  #SUP: 7149 #CONF: 1.0
34 52  ==> 37 55 58  #SUP: 7142 #CONF: 1.0
19 55 88 106 121  ==> 58 91 109 124 127  #SUP: 7148 #CONF: 1.0
37 55 88 106 121  ==> 58 91 109 124 127  #SUP: 7148 #CONF: 1.0
19 37 55 88 106 121  ==> 58 91 109 124 127  #SUP: 7147 #CONF: 1.0
34 52 127  ==> 37 55 58 91 109  #SUP: 7141 #CONF: 1.0
34 52 91  ==> 37 55 58 109 127  #SUP: 7141 #CONF: 1.0
16 52  ==> 19 55 58  #SUP: 7140 #CONF: 1.0
19 34 52 109  ==> 37 55 58 91 127  #SUP: 7140 #CONF: 1.0
19 34 52  ==> 37 55 58  #SUP: 7141 #CONF: 1.0
19 34 52 127  ==> 37 55 58 91 109  #SUP: 7140 #CONF: 1.0
19 34 52 91  ==> 37 55 58 109 127  #SUP: 7140 #CONF: 1.0
16 52 127  ==> 19 55 58 91 109  #SUP: 7139 #CONF: 1.0
16 52 91  ==> 19 55 58 109 127  #SUP: 7139 #CONF: 1.0
16 52 109  ==> 19 55 58 91 127  #SUP: 7139 #CONF: 1.0
34 103  ==> 37 58 91 106 109 127  #SUP: 7137 #CONF: 1.0
34 52 106  ==> 37 55 58 91 109 127  #SUP: 7138 #CONF: 1.0
16 37 52 91  ==> 19 55 58 109 127  #SUP: 7138 #CONF: 1.0
16 37 52 127  ==> 19 55 58 91 109  #SUP: 7138 #CONF: 1.0
34 52 88  ==> 37 55 58 91 109 127  #SUP: 7138 #CONF: 1.0
16 37 52 109  ==> 19 55 58 91 127  #SUP: 7138 #CONF: 1.0
34 52 124  ==> 37 55 58 91 109 127  #SUP: 7138 #CONF: 1.0
19 34 52 124  ==> 37 55 58 91 109 127  #SUP: 7137 #CONF: 1.0
19 34 52 106  ==> 37 55 58 91 109 127  #SUP: 7137 #CONF: 1.0
19 34 52 88  ==> 37 55 58 91 109 127  #SUP: 7137 #CONF: 1.0
16 52 88  ==> 19 55 58 91 109 127  #SUP: 7136 #CONF: 1.0
19 34 103  ==> 37 58 91 106 109 127  #SUP: 7136 #CONF: 1.0
19 34 85  ==> 37 58 88 91 109 127  #SUP: 7136 #CONF: 1.0
34 85  ==> 37 58 88 91 109 127  #SUP: 7137 #CONF: 1.0
16 52 124  ==> 19 55 58 91 109 127  #SUP: 7136 #CONF: 1.0
16 52 106  ==> 19 55 58 91 109 127  #SUP: 7136 #CONF: 1.0
34 52 88 106  ==> 37 55 58 91 109 127  #SUP: 7135 #CONF: 1.0
34 52 88 124  ==> 37 55 58 91 109 127  #SUP: 7135 #CONF: 1.0
16 37 52 124  ==> 19 55 58 91 109 127  #SUP: 7135 #CONF: 1.0
16 37 52 88  ==> 19 55 58 91 109 127  #SUP: 7135 #CONF: 1.0
34 52 106 124  ==> 37 55 58 91 109 127  #SUP: 7135 #CONF: 1.0
16 88 103 124  ==> 19 58 91 106 109 127  #SUP: 7129 #CONF: 1.0
16 88 103  ==> 19 58 91 106 109 127  #SUP: 7132 #CONF: 1.0
16 55 103  ==> 19 58 91 106 109 127  #SUP: 7133 #CONF: 1.0
19 34 55 85  ==> 37 58 88 91 109 127  #SUP: 7134 #CONF: 1.0
16 85  ==> 19 58 88 91 109 127  #SUP: 7135 #CONF: 1.0
34 55 85  ==> 37 58 88 91 109 127  #SUP: 7135 #CONF: 1.0
34 55 103  ==> 37 58 91 106 109 127  #SUP: 7135 #CONF: 1.0
16 103  ==> 19 58 91 106 109 127  #SUP: 7135 #CONF: 1.0
19 34 52 88 124  ==> 37 55 58 91 109 127  #SUP: 7134 #CONF: 1.0
19 34 52 106 124  ==> 37 55 58 91 109 127  #SUP: 7134 #CONF: 1.0
19 34 52 88 106  ==> 37 55 58 91 109 127  #SUP: 7134 #CONF: 1.0
19 34 55 103  ==> 37 58 91 106 109 127  #SUP: 7134 #CONF: 1.0
16 37 103  ==> 19 58 91 106 109 127  #SUP: 7134 #CONF: 1.0
34 85 124  ==> 37 58 88 91 109 127  #SUP: 7134 #CONF: 1.0
34 85 106  ==> 37 58 88 91 109 127  #SUP: 7134 #CONF: 1.0
16 37 85  ==> 19 58 88 91 109 127  #SUP: 7134 #CONF: 1.0
34 103 124  ==> 37 58 91 106 109 127  #SUP: 7134 #CONF: 1.0
34 88 103  ==> 37 58 91 106 109 127  #SUP: 7134 #CONF: 1.0
19 34 88 103  ==> 37 58 91 106 109 127  #SUP: 7133 #CONF: 1.0
19 34 85 106  ==> 37 58 88 91 109 127  #SUP: 7133 #CONF: 1.0
19 34 103 124  ==> 37 58 91 106 109 127  #SUP: 7133 #CONF: 1.0
16 52 88 124  ==> 19 55 58 91 109 127  #SUP: 7133 #CONF: 1.0
16 52 106 124  ==> 19 55 58 91 109 127  #SUP: 7133 #CONF: 1.0
16 52 88 106  ==> 19 55 58 91 109 127  #SUP: 7133 #CONF: 1.0
19 34 85 124  ==> 37 58 88 91 109 127  #SUP: 7133 #CONF: 1.0
16 37 52 106 124  ==> 19 55 58 91 109 127  #SUP: 7132 #CONF: 1.0
34 52 88 106 124  ==> 37 55 58 91 109 127  #SUP: 7132 #CONF: 1.0
16 55 85  ==> 19 58 88 91 109 127  #SUP: 7133 #CONF: 1.0
16 37 52 88 124  ==> 19 55 58 91 109 127  #SUP: 7132 #CONF: 1.0
16 37 52 88 106  ==> 19 55 58 91 109 127  #SUP: 7132 #CONF: 1.0
34 55 85 106  ==> 37 58 88 91 109 127  #SUP: 7132 #CONF: 1.0
16 37 55 85  ==> 19 58 88 91 109 127  #SUP: 7132 #CONF: 1.0
34 55 88 103  ==> 37 58 91 106 109 127  #SUP: 7132 #CONF: 1.0
34 55 85 124  ==> 37 58 88 91 109 127  #SUP: 7132 #CONF: 1.0
34 55 103 124  ==> 37 58 91 106 109 127  #SUP: 7132 #CONF: 1.0
16 37 55 103  ==> 19 58 91 106 109 127  #SUP: 7132 #CONF: 1.0
16 85 106  ==> 19 58 88 91 109 127  #SUP: 7132 #CONF: 1.0
16 85 124  ==> 19 58 88 91 109 127  #SUP: 7132 #CONF: 1.0
16 103 124  ==> 19 58 91 106 109 127  #SUP: 7132 #CONF: 1.0
16 37 52 88 106 124  ==> 19 55 58 91 109 127  #SUP: 7129 #CONF: 1.0
19 34 85 106 124  ==> 37 58 88 91 109 127  #SUP: 7130 #CONF: 1.0
19 34 55 85 124  ==> 37 58 88 91 109 127  #SUP: 7131 #CONF: 1.0
19 34 55 88 103  ==> 37 58 91 106 109 127  #SUP: 7131 #CONF: 1.0
19 34 52 88 106 124  ==> 37 55 58 91 109 127  #SUP: 7131 #CONF: 1.0
19 34 55 103 124  ==> 37 58 91 106 109 127  #SUP: 7131 #CONF: 1.0
19 34 55 85 106  ==> 37 58 88 91 109 127  #SUP: 7131 #CONF: 1.0
34 88 103 124  ==> 37 58 91 106 109 127  #SUP: 7131 #CONF: 1.0
16 37 85 106  ==> 19 58 88 91 109 127  #SUP: 7131 #CONF: 1.0
16 37 85 124  ==> 19 58 88 91 109 127  #SUP: 7131 #CONF: 1.0
16 37 88 103  ==> 19 58 91 106 109 127  #SUP: 7131 #CONF: 1.0
34 85 106 124  ==> 37 58 88 91 109 127  #SUP: 7131 #CONF: 1.0
16 37 103 124  ==> 19 58 91 106 109 127  #SUP: 7131 #CONF: 1.0
19 34 88 103 124  ==> 37 58 91 106 109 127  #SUP: 7130 #CONF: 1.0
16 52 88 106 124  ==> 19 55 58 91 109 127  #SUP: 7130 #CONF: 1.0
16 55 85 124  ==> 19 58 88 91 109 127  #SUP: 7130 #CONF: 1.0
16 55 103 124  ==> 19 58 91 106 109 127  #SUP: 7130 #CONF: 1.0
16 55 85 106  ==> 19 58 88 91 109 127  #SUP: 7130 #CONF: 1.0
16 55 88 103  ==> 19 58 91 106 109 127  #SUP: 7130 #CONF: 1.0
16 37 55 88 103  ==> 19 58 91 106 109 127  #SUP: 7129 #CONF: 1.0
34 55 88 103 124  ==> 37 58 91 106 109 127  #SUP: 7129 #CONF: 1.0
16 37 55 85 124  ==> 19 58 88 91 109 127  #SUP: 7129 #CONF: 1.0
34 55 85 106 124  ==> 37 58 88 91 109 127  #SUP: 7129 #CONF: 1.0
16 37 55 85 106  ==> 19 58 88 91 109 127  #SUP: 7129 #CONF: 1.0
16 37 55 103 124  ==> 19 58 91 106 109 127  #SUP: 7129 #CONF: 1.0
16 85 106 124  ==> 19 58 88 91 109 127  #SUP: 7129 #CONF: 1.0
19 34 55 121  ==> 37 58 91 109 124 127  #SUP: 7126 #CONF: 1.0
19 34 121  ==> 37 58 91 109 124 127  #SUP: 7128 #CONF: 1.0
19 34 55 85 106 124  ==> 37 58 88 91 109 127  #SUP: 7128 #CONF: 1.0
19 34 55 88 103 124  ==> 37 58 91 106 109 127  #SUP: 7128 #CONF: 1.0
34 121  ==> 37 58 91 109 124 127  #SUP: 7129 #CONF: 1.0
16 37 85 106 124  ==> 19 58 88 91 109 127  #SUP: 7128 #CONF: 1.0
16 37 88 103 124  ==> 19 58 91 106 109 127  #SUP: 7128 #CONF: 1.0
16 121  ==> 19 58 91 109 124 127  #SUP: 7127 #CONF: 1.0
16 55 88 103 124  ==> 19 58 91 106 109 127  #SUP: 7127 #CONF: 1.0
16 55 85 106 124  ==> 19 58 88 91 109 127  #SUP: 7127 #CONF: 1.0
34 55 121  ==> 37 58 91 109 124 127  #SUP: 7127 #CONF: 1.0
16 37 55 85 106 124  ==> 19 58 88 91 109 127  #SUP: 7126 #CONF: 1.0
16 37 55 88 103 124  ==> 19 58 91 106 109 127  #SUP: 7126 #CONF: 1.0
16 88 121  ==> 19 58 91 109 124 127  #SUP: 7124 #CONF: 1.0
16 55 121  ==> 19 58 91 109 124 127  #SUP: 7125 #CONF: 1.0
34 88 121  ==> 37 58 91 109 124 127  #SUP: 7126 #CONF: 1.0
16 37 121  ==> 19 58 91 109 124 127  #SUP: 7126 #CONF: 1.0
34 106 121  ==> 37 58 91 109 124 127  #SUP: 7126 #CONF: 1.0
19 34 88 121  ==> 37 58 91 109 124 127  #SUP: 7125 #CONF: 1.0
19 34 106 121  ==> 37 58 91 109 124 127  #SUP: 7125 #CONF: 1.0
16 37 55 121  ==> 19 58 91 109 124 127  #SUP: 7124 #CONF: 1.0
34 55 88 121  ==> 37 58 91 109 124 127  #SUP: 7124 #CONF: 1.0
34 55 106 121  ==> 37 58 91 109 124 127  #SUP: 7124 #CONF: 1.0
16 106 121  ==> 19 58 91 109 124 127  #SUP: 7124 #CONF: 1.0
19 34 55 106 121  ==> 37 58 91 109 124 127  #SUP: 7123 #CONF: 1.0
19 34 55 88 121  ==> 37 58 91 109 124 127  #SUP: 7123 #CONF: 1.0
34 88 106 121  ==> 37 58 91 109 124 127  #SUP: 7123 #CONF: 1.0
16 37 88 121  ==> 19 58 91 109 124 127  #SUP: 7123 #CONF: 1.0
16 37 106 121  ==> 19 58 91 109 124 127  #SUP: 7123 #CONF: 1.0
