37 55 106  ==> 58 91 109 127  #SUP: 7215 #CONF: 1.0
58  ==> 19 37 55  #SUP: 7218 #CONF: 0.9994461368042094
55  ==> 37 58  #SUP: 7219 #CONF: 0.9998614958448754
55  ==> 58  #SUP: 7220 #CONF: 1.0
37 109  ==> 58 91 127  #SUP: 7220 #CONF: 1.0
58  ==> 37  #SUP: 7221 #CONF: 0.9998615342010524
127  ==> 58 91 109  #SUP: 7221 #CONF: 1.0
91  ==> 58 109 127  #SUP: 7221 #CONF: 1.0
109  ==> 58 91 127  #SUP: 7221 #CONF: 1.0
58  ==> 19  #SUP: 7221 #CONF: 0.9998615342010524
58  ==> 91 109 127  #SUP: 7221 #CONF: 0.9998615342010524
19  ==> 58  #SUP: 7221 #CONF: 1.0
37  ==> 58  #SUP: 7221 #CONF: 1.0
37 127  ==> 58 91 109  #SUP: 7220 #CONF: 1.0
19 109  ==> 58 91 127  #SUP: 7220 #CONF: 1.0
109  ==> 37 58 91 127  #SUP: 7220 #CONF: 0.9998615150256197
37  ==> 58 91 109 127  #SUP: 7220 #CONF: 0.9998615150256197
19 91  ==> 58 109 127  #SUP: 7220 #CONF: 1.0
37 91  ==> 58 109 127  #SUP: 7220 #CONF: 1.0
19 127  ==> 58 91 109  #SUP: 7220 #CONF: 1.0
91  ==> 37 58 109 127  #SUP: 7220 #CONF: 0.9998615150256197
19 37  ==> 58  #SUP: 7220 #CONF: 1.0
58  ==> 19 91 109 127  #SUP: 7220 #CONF: 0.9997230684021047
91  ==> 19 58 109 127  #SUP: 7220 #CONF: 0.9998615150256197
127  ==> 19 58 91 109  #SUP: 7220 #CONF: 0.9998615150256197
127  ==> 37 58 91 109  #SUP: 7220 #CONF: 0.9998615150256197
19  ==> 58 91 109 127  #SUP: 7220 #CONF: 0.9998615150256197
58  ==> 37 91 109 127  #SUP: 7220 #CONF: 0.9997230684021047
109  ==> 19 58 91 127  #SUP: 7220 #CONF: 0.9998615150256197
37  ==> 19 58  #SUP: 7220 #CONF: 0.9998615150256197
19  ==> 37 58  #SUP: 7220 #CONF: 0.9998615150256197
58  ==> 19 37  #SUP: 7220 #CONF: 0.9997230684021047
19 55  ==> 58  #SUP: 7219 #CONF: 1.0
37 109  ==> 19 58 91 127  #SUP: 7219 #CONF: 0.9998614958448754
19 37  ==> 58 91 109 127  #SUP: 7219 #CONF: 0.9998614958448754
19 37 109  ==> 58 91 127  #SUP: 7219 #CONF: 1.0
58  ==> 55  #SUP: 7220 #CONF: 0.9997230684021047
19 37 91  ==> 58 109 127  #SUP: 7219 #CONF: 1.0
19 37 127  ==> 58 91 109  #SUP: 7219 #CONF: 1.0
37 91  ==> 19 58 109 127  #SUP: 7219 #CONF: 0.9998614958448754
19 109  ==> 37 58 91 127  #SUP: 7219 #CONF: 0.9998614958448754
55 109  ==> 58 91 127  #SUP: 7219 #CONF: 1.0
37 127  ==> 19 58 91 109  #SUP: 7219 #CONF: 0.9998614958448754
19 127  ==> 37 58 91 109  #SUP: 7219 #CONF: 0.9998614958448754
19 91  ==> 37 58 109 127  #SUP: 7219 #CONF: 0.9998614958448754
55 91  ==> 58 109 127  #SUP: 7219 #CONF: 1.0
55 127  ==> 58 91 109  #SUP: 7219 #CONF: 1.0
109  ==> 19 37 58 91 127  #SUP: 7219 #CONF: 0.9997230300512394
19  ==> 37 58 91 109 127  #SUP: 7219 #CONF: 0.9997230300512394
37  ==> 19 58 91 109 127  #SUP: 7219 #CONF: 0.9997230300512394
37 55  ==> 58  #SUP: 7219 #CONF: 1.0
127  ==> 19 37 58 91 109  #SUP: 7219 #CONF: 0.9997230300512394
58  ==> 19 37 91 109 127  #SUP: 7219 #CONF: 0.9995846026031571
91  ==> 19 37 58 109 127  #SUP: 7219 #CONF: 0.9997230300512394
58  ==> 19 55  #SUP: 7219 #CONF: 0.9995846026031571
109  ==> 55 58 91 127  #SUP: 7219 #CONF: 0.9997230300512394
91  ==> 55 58 109 127  #SUP: 7219 #CONF: 0.9997230300512394
55  ==> 58 91 109 127  #SUP: 7219 #CONF: 0.9998614958448754
127  ==> 55 58 91 109  #SUP: 7219 #CONF: 0.9997230300512394
58  ==> 55 91 109 127  #SUP: 7219 #CONF: 0.9995846026031571
19  ==> 55 58  #SUP: 7219 #CONF: 0.9997230300512394
55  ==> 19 58  #SUP: 7219 #CONF: 0.9998614958448754
37  ==> 55 58  #SUP: 7219 #CONF: 0.9997230300512394
58  ==> 37 55  #SUP: 7219 #CONF: 0.9995846026031571
37 109  ==> 55 58 91 127  #SUP: 7218 #CONF: 0.9997229916897507
55 127  ==> 37 58 91 109  #SUP: 7218 #CONF: 0.999861476658817
19 55 127  ==> 58 91 109  #SUP: 7218 #CONF: 1.0
19 55 109  ==> 58 91 127  #SUP: 7218 #CONF: 1.0
37 55 127  ==> 58 91 109  #SUP: 7218 #CONF: 1.0
37 55 109  ==> 58 91 127  #SUP: 7218 #CONF: 1.0
19 55 91  ==> 58 109 127  #SUP: 7218 #CONF: 1.0
37 55 91  ==> 58 109 127  #SUP: 7218 #CONF: 1.0
19 127  ==> 55 58 91 109  #SUP: 7218 #CONF: 0.9997229916897507
19 37 55  ==> 58  #SUP: 7218 #CONF: 1.0
19 91  ==> 55 58 109 127  #SUP: 7218 #CONF: 0.9997229916897507
37 55  ==> 58 91 109 127  #SUP: 7218 #CONF: 0.999861476658817
37 91  ==> 55 58 109 127  #SUP: 7218 #CONF: 0.9997229916897507
55 109  ==> 19 58 91 127  #SUP: 7218 #CONF: 0.999861476658817
55 127  ==> 19 58 91 109  #SUP: 7218 #CONF: 0.999861476658817
19 109  ==> 55 58 91 127  #SUP: 7218 #CONF: 0.9997229916897507
37 127  ==> 55 58 91 109  #SUP: 7218 #CONF: 0.9997229916897507
55 91  ==> 37 58 109 127  #SUP: 7218 #CONF: 0.999861476658817
55 91  ==> 19 58 109 127  #SUP: 7218 #CONF: 0.999861476658817
19 55  ==> 58 91 109 127  #SUP: 7218 #CONF: 0.999861476658817
55 109  ==> 37 58 91 127  #SUP: 7218 #CONF: 0.999861476658817
58  ==> 37 55 91 109 127  #SUP: 7218 #CONF: 0.9994461368042094
37  ==> 55 58 91 109 127  #SUP: 7218 #CONF: 0.9995845450768591
37 55  ==> 19 58  #SUP: 7218 #CONF: 0.999861476658817
19 55  ==> 37 58  #SUP: 7218 #CONF: 0.999861476658817
19  ==> 55 58 91 109 127  #SUP: 7218 #CONF: 0.9995845450768591
19 37  ==> 55 58  #SUP: 7218 #CONF: 0.9997229916897507
109  ==> 19 55 58 91 127  #SUP: 7218 #CONF: 0.9995845450768591
109  ==> 37 55 58 91 127  #SUP: 7218 #CONF: 0.9995845450768591
55  ==> 37 58 91 109 127  #SUP: 7218 #CONF: 0.9997229916897507
58  ==> 19 55 91 109 127  #SUP: 7218 #CONF: 0.9994461368042094
127  ==> 19 55 58 91 109  #SUP: 7218 #CONF: 0.9995845450768591
91  ==> 19 55 58 109 127  #SUP: 7218 #CONF: 0.9995845450768591
91  ==> 37 55 58 109 127  #SUP: 7218 #CONF: 0.9995845450768591
55  ==> 19 58 91 109 127  #SUP: 7218 #CONF: 0.9997229916897507
91  ==> 58 109 124 127  #SUP: 7218 #CONF: 0.9995845450768591
127  ==> 58 91 106 109  #SUP: 7218 #CONF: 0.9995845450768591
91  ==> 58 88 109 127  #SUP: 7218 #CONF: 0.9995845450768591
91  ==> 58 106 109 127  #SUP: 7218 #CONF: 0.9995845450768591
127  ==> 37 55 58 91 109  #SUP: 7218 #CONF: 0.9995845450768591
109  ==> 58 91 124 127  #SUP: 7218 #CONF: 0.9995845450768591
88  ==> 58 91 109 127  #SUP: 7218 #CONF: 1.0
58  ==> 91 109 124 127  #SUP: 7218 #CONF: 0.9994461368042094
58  ==> 91 106 109 127  #SUP: 7218 #CONF: 0.9994461368042094
58  ==> 88 91 109 127  #SUP: 7218 #CONF: 0.9994461368042094
127  ==> 58 91 109 124  #SUP: 7218 #CONF: 0.9995845450768591
127  ==> 58 88 91 109  #SUP: 7218 #CONF: 0.9995845450768591
109  ==> 58 88 91 127  #SUP: 7218 #CONF: 0.9995845450768591
124  ==> 58 91 109 127  #SUP: 7218 #CONF: 1.0
19  ==> 37 55 58  #SUP: 7218 #CONF: 0.9995845450768591
109  ==> 58 91 106 127  #SUP: 7218 #CONF: 0.9995845450768591
106  ==> 58 91 109 127  #SUP: 7218 #CONF: 1.0
55  ==> 19 37 58  #SUP: 7218 #CONF: 0.9997229916897507
37  ==> 19 55 58  #SUP: 7218 #CONF: 0.9995845450768591
19 37 109  ==> 58 88 91 127  #SUP: 7216 #CONF: 0.999584429976451
19 91  ==> 58 106 109 127  #SUP: 7217 #CONF: 0.999584487534626
37 127  ==> 58 91 109 124  #SUP: 7217 #CONF: 0.999584487534626
19 37 55  ==> 58 91 109 127  #SUP: 7217 #CONF: 0.9998614574674425
19 55 109  ==> 37 58 91 127  #SUP: 7217 #CONF: 0.9998614574674425
19 37 91  ==> 55 58 109 127  #SUP: 7217 #CONF: 0.999722953317634
19 37 55 91  ==> 58 109 127  #SUP: 7217 #CONF: 1.0
19 37 55 127  ==> 58 91 109  #SUP: 7217 #CONF: 1.0
19 37 55 109  ==> 58 91 127  #SUP: 7217 #CONF: 1.0
19 55 127  ==> 37 58 91 109  #SUP: 7217 #CONF: 0.9998614574674425
19 37 109  ==> 55 58 91 127  #SUP: 7217 #CONF: 0.999722953317634
37 55 109  ==> 19 58 91 127  #SUP: 7217 #CONF: 0.9998614574674425
19 37 127  ==> 55 58 91 109  #SUP: 7217 #CONF: 0.999722953317634
37 55 91  ==> 19 58 109 127  #SUP: 7217 #CONF: 0.9998614574674425
37 55 127  ==> 19 58 91 109  #SUP: 7217 #CONF: 0.9998614574674425
19 55 91  ==> 37 58 109 127  #SUP: 7217 #CONF: 0.9998614574674425
37 91  ==> 19 55 58 109 127  #SUP: 7217 #CONF: 0.999584487534626
37 109  ==> 19 55 58 91 127  #SUP: 7217 #CONF: 0.999584487534626
55 127  ==> 19 37 58 91 109  #SUP: 7217 #CONF: 0.999722953317634
19 109  ==> 37 55 58 91 127  #SUP: 7217 #CONF: 0.999584487534626
19 91  ==> 37 55 58 109 127  #SUP: 7217 #CONF: 0.999584487534626
19 55  ==> 37 58 91 109 127  #SUP: 7217 #CONF: 0.999722953317634
37 55  ==> 19 58 91 109 127  #SUP: 7217 #CONF: 0.999722953317634
19 37  ==> 55 58 91 109 127  #SUP: 7217 #CONF: 0.999584487534626
19 127  ==> 37 55 58 91 109  #SUP: 7217 #CONF: 0.999584487534626
55 109  ==> 19 37 58 91 127  #SUP: 7217 #CONF: 0.999722953317634
37 127  ==> 19 55 58 91 109  #SUP: 7217 #CONF: 0.999584487534626
55 91  ==> 19 37 58 109 127  #SUP: 7217 #CONF: 0.999722953317634
37 109  ==> 58 88 91 127  #SUP: 7217 #CONF: 0.999584487534626
37 127  ==> 58 88 91 109  #SUP: 7217 #CONF: 0.999584487534626
19 91  ==> 58 109 124 127  #SUP: 7217 #CONF: 0.999584487534626
37 91  ==> 58 106 109 127  #SUP: 7217 #CONF: 0.999584487534626
37 127  ==> 58 91 106 109  #SUP: 7217 #CONF: 0.999584487534626
37 91  ==> 58 109 124 127  #SUP: 7217 #CONF: 0.999584487534626
19 109  ==> 58 91 124 127  #SUP: 7217 #CONF: 0.999584487534626
19 127  ==> 58 91 109 124  #SUP: 7217 #CONF: 0.999584487534626
37 88  ==> 58 91 109 127  #SUP: 7217 #CONF: 1.0
19 127  ==> 58 91 106 109  #SUP: 7217 #CONF: 0.999584487534626
37 106  ==> 58 91 109 127  #SUP: 7217 #CONF: 1.0
19 88  ==> 58 91 109 127  #SUP: 7217 #CONF: 1.0
37 109  ==> 58 91 124 127  #SUP: 7217 #CONF: 0.999584487534626
19 106  ==> 58 91 109 127  #SUP: 7217 #CONF: 1.0
19 109  ==> 58 91 106 127  #SUP: 7217 #CONF: 0.999584487534626
19 109  ==> 58 88 91 127  #SUP: 7217 #CONF: 0.999584487534626
37 124  ==> 58 91 109 127  #SUP: 7217 #CONF: 1.0
37 109  ==> 58 91 106 127  #SUP: 7217 #CONF: 0.999584487534626
19 127  ==> 58 88 91 109  #SUP: 7217 #CONF: 0.999584487534626
19 91  ==> 58 88 109 127  #SUP: 7217 #CONF: 0.999584487534626
19 124  ==> 58 91 109 127  #SUP: 7217 #CONF: 1.0
37 91  ==> 58 88 109 127  #SUP: 7217 #CONF: 0.999584487534626
58  ==> 19 91 109 124 127  #SUP: 7217 #CONF: 0.9993076710052617
127  ==> 37 58 91 106 109  #SUP: 7217 #CONF: 0.9994460601024788
58  ==> 19 37 55 91 109 127  #SUP: 7217 #CONF: 0.9993076710052617
37  ==> 19 55 58 91 109 127  #SUP: 7217 #CONF: 0.9994460601024788
19  ==> 37 55 58 91 109 127  #SUP: 7217 #CONF: 0.9994460601024788
55  ==> 19 37 58 91 109 127  #SUP: 7217 #CONF: 0.999584487534626
109  ==> 19 37 55 58 91 127  #SUP: 7217 #CONF: 0.9994460601024788
91  ==> 19 37 55 58 109 127  #SUP: 7217 #CONF: 0.9994460601024788
109  ==> 19 58 91 124 127  #SUP: 7217 #CONF: 0.9994460601024788
19  ==> 58 91 109 124 127  #SUP: 7217 #CONF: 0.9994460601024788
127  ==> 19 37 55 58 91 109  #SUP: 7217 #CONF: 0.9994460601024788
109  ==> 19 58 91 106 127  #SUP: 7217 #CONF: 0.9994460601024788
88  ==> 19 58 91 109 127  #SUP: 7217 #CONF: 0.9998614574674425
58  ==> 37 91 109 124 127  #SUP: 7217 #CONF: 0.9993076710052617
109  ==> 37 58 91 124 127  #SUP: 7217 #CONF: 0.9994460601024788
127  ==> 37 58 91 109 124  #SUP: 7217 #CONF: 0.9994460601024788
91  ==> 37 58 106 109 127  #SUP: 7217 #CONF: 0.9994460601024788
91  ==> 19 58 109 124 127  #SUP: 7217 #CONF: 0.9994460601024788
91  ==> 19 58 88 109 127  #SUP: 7217 #CONF: 0.9994460601024788
127  ==> 19 58 91 106 109  #SUP: 7217 #CONF: 0.9994460601024788
37  ==> 58 91 109 124 127  #SUP: 7217 #CONF: 0.9994460601024788
109  ==> 19 58 88 91 127  #SUP: 7217 #CONF: 0.9994460601024788
109  ==> 37 58 88 91 127  #SUP: 7217 #CONF: 0.9994460601024788
19  ==> 58 88 91 109 127  #SUP: 7217 #CONF: 0.9994460601024788
58  ==> 19 88 91 109 127  #SUP: 7217 #CONF: 0.9993076710052617
19  ==> 58 91 106 109 127  #SUP: 7217 #CONF: 0.9994460601024788
106  ==> 19 58 91 109 127  #SUP: 7217 #CONF: 0.9998614574674425
124  ==> 19 58 91 109 127  #SUP: 7217 #CONF: 0.9998614574674425
109  ==> 37 58 91 106 127  #SUP: 7217 #CONF: 0.9994460601024788
58  ==> 37 91 106 109 127  #SUP: 7217 #CONF: 0.9993076710052617
37  ==> 58 91 106 109 127  #SUP: 7217 #CONF: 0.9994460601024788
58  ==> 37 88 91 109 127  #SUP: 7217 #CONF: 0.9993076710052617
127  ==> 19 58 91 109 124  #SUP: 7217 #CONF: 0.9994460601024788
91  ==> 37 58 109 124 127  #SUP: 7217 #CONF: 0.9994460601024788
127  ==> 19 58 88 91 109  #SUP: 7217 #CONF: 0.9994460601024788
19 37 91  ==> 58 88 109 127  #SUP: 7216 #CONF: 0.999584429976451
19 37 91  ==> 58 109 124 127  #SUP: 7216 #CONF: 0.999584429976451
124  ==> 37 58 91 109 127  #SUP: 7217 #CONF: 0.9998614574674425
58  ==> 19 91 106 109 127  #SUP: 7217 #CONF: 0.9993076710052617
127  ==> 37 58 88 91 109  #SUP: 7217 #CONF: 0.9994460601024788
88  ==> 37 58 91 109 127  #SUP: 7217 #CONF: 0.9998614574674425
106  ==> 37 58 91 109 127  #SUP: 7217 #CONF: 0.9998614574674425
91  ==> 19 58 106 109 127  #SUP: 7217 #CONF: 0.9994460601024788
91  ==> 37 58 88 109 127  #SUP: 7217 #CONF: 0.9994460601024788
37  ==> 58 88 91 109 127  #SUP: 7217 #CONF: 0.9994460601024788
19 37 127  ==> 58 91 109 124  #SUP: 7216 #CONF: 0.999584429976451
19 37 109  ==> 58 91 106 127  #SUP: 7216 #CONF: 0.999584429976451
19 37 127  ==> 58 88 91 109  #SUP: 7216 #CONF: 0.999584429976451
19 37 124  ==> 58 91 109 127  #SUP: 7216 #CONF: 1.0
19 37 127  ==> 58 91 106 109  #SUP: 7216 #CONF: 0.999584429976451
19 37 106  ==> 58 91 109 127  #SUP: 7216 #CONF: 1.0
19 37 91  ==> 58 106 109 127  #SUP: 7216 #CONF: 0.999584429976451
19 37 88  ==> 58 91 109 127  #SUP: 7216 #CONF: 1.0
19 37 109  ==> 58 91 124 127  #SUP: 7216 #CONF: 0.999584429976451
58  ==> 55 91 109 124 127  #SUP: 7216 #CONF: 0.999169205206314
55 109  ==> 58 91 124 127  #SUP: 7216 #CONF: 0.999584429976451
19 109  ==> 37 58 91 106 127  #SUP: 7216 #CONF: 0.9994459833795014
19 91  ==> 37 58 106 109 127  #SUP: 7216 #CONF: 0.9994459833795014
19 109  ==> 37 58 91 124 127  #SUP: 7216 #CONF: 0.9994459833795014
37 124  ==> 19 58 91 109 127  #SUP: 7216 #CONF: 0.9998614382707496
19 127  ==> 37 58 91 109 124  #SUP: 7216 #CONF: 0.9994459833795014
37 109  ==> 19 58 88 91 127  #SUP: 7216 #CONF: 0.9994459833795014
19 124  ==> 37 58 91 109 127  #SUP: 7216 #CONF: 0.9998614382707496
19 109  ==> 37 58 88 91 127  #SUP: 7216 #CONF: 0.9994459833795014
37 109  ==> 19 58 91 106 127  #SUP: 7216 #CONF: 0.9994459833795014
37 91  ==> 19 58 106 109 127  #SUP: 7216 #CONF: 0.9994459833795014
37 127  ==> 19 58 91 109 124  #SUP: 7216 #CONF: 0.9994459833795014
19 37  ==> 58 88 91 109 127  #SUP: 7216 #CONF: 0.9994459833795014
37 106  ==> 19 58 91 109 127  #SUP: 7216 #CONF: 0.9998614382707496
37 91  ==> 19 58 88 109 127  #SUP: 7216 #CONF: 0.9994459833795014
19 91  ==> 37 58 109 124 127  #SUP: 7216 #CONF: 0.9994459833795014
19 91  ==> 37 58 88 109 127  #SUP: 7216 #CONF: 0.9994459833795014
37 127  ==> 19 58 91 106 109  #SUP: 7216 #CONF: 0.9994459833795014
19 37  ==> 58 91 106 109 127  #SUP: 7216 #CONF: 0.9994459833795014
19 106  ==> 37 58 91 109 127  #SUP: 7216 #CONF: 0.9998614382707496
37 109  ==> 19 58 91 124 127  #SUP: 7216 #CONF: 0.9994459833795014
37 91  ==> 19 58 109 124 127  #SUP: 7216 #CONF: 0.9994459833795014
19 37  ==> 58 91 109 124 127  #SUP: 7216 #CONF: 0.9994459833795014
19 127  ==> 37 58 91 106 109  #SUP: 7216 #CONF: 0.9994459833795014
37 88  ==> 19 58 91 109 127  #SUP: 7216 #CONF: 0.9998614382707496
37 127  ==> 19 58 88 91 109  #SUP: 7216 #CONF: 0.9994459833795014
19 127  ==> 37 58 88 91 109  #SUP: 7216 #CONF: 0.9994459833795014
19 88  ==> 37 58 91 109 127  #SUP: 7216 #CONF: 0.9998614382707496
55 127  ==> 58 91 109 124  #SUP: 7216 #CONF: 0.999584429976451
55 106  ==> 58 91 109 127  #SUP: 7216 #CONF: 1.0
55 109  ==> 58 88 91 127  #SUP: 7216 #CONF: 0.999584429976451
55 127  ==> 58 88 91 109  #SUP: 7216 #CONF: 0.999584429976451
55 91  ==> 58 106 109 127  #SUP: 7216 #CONF: 0.999584429976451
55 127  ==> 58 91 106 109  #SUP: 7216 #CONF: 0.999584429976451
55 91  ==> 58 109 124 127  #SUP: 7216 #CONF: 0.999584429976451
37  ==> 19 58 91 109 124 127  #SUP: 7216 #CONF: 0.9993075751280986
55 88  ==> 58 91 109 127  #SUP: 7216 #CONF: 1.0
55 109  ==> 58 91 106 127  #SUP: 7216 #CONF: 0.999584429976451
55 91  ==> 58 88 109 127  #SUP: 7216 #CONF: 0.999584429976451
55 124  ==> 58 91 109 127  #SUP: 7216 #CONF: 1.0
58  ==> 19 37 91 109 124 127  #SUP: 7216 #CONF: 0.999169205206314
91  ==> 19 37 58 109 124 127  #SUP: 7216 #CONF: 0.9993075751280986
109  ==> 19 37 58 88 91 127  #SUP: 7216 #CONF: 0.9993075751280986
124  ==> 19 37 58 91 109 127  #SUP: 7216 #CONF: 0.999722914934885
109  ==> 19 37 58 91 106 127  #SUP: 7216 #CONF: 0.9993075751280986
127  ==> 19 37 58 91 109 124  #SUP: 7216 #CONF: 0.9993075751280986
91  ==> 19 37 58 106 109 127  #SUP: 7216 #CONF: 0.9993075751280986
91  ==> 19 37 58 88 109 127  #SUP: 7216 #CONF: 0.9993075751280986
37  ==> 19 58 91 106 109 127  #SUP: 7216 #CONF: 0.9993075751280986
127  ==> 19 37 58 88 91 109  #SUP: 7216 #CONF: 0.9993075751280986
109  ==> 19 37 58 91 124 127  #SUP: 7216 #CONF: 0.9993075751280986
127  ==> 19 37 58 91 106 109  #SUP: 7216 #CONF: 0.9993075751280986
19  ==> 37 58 91 106 109 127  #SUP: 7216 #CONF: 0.9993075751280986
58  ==> 19 37 88 91 109 127  #SUP: 7216 #CONF: 0.999169205206314
58  ==> 19 37 91 106 109 127  #SUP: 7216 #CONF: 0.999169205206314
37  ==> 19 58 88 91 109 127  #SUP: 7216 #CONF: 0.9993075751280986
19  ==> 37 58 91 109 124 127  #SUP: 7216 #CONF: 0.9993075751280986
127  ==> 55 58 91 109 124  #SUP: 7216 #CONF: 0.9993075751280986
127  ==> 55 58 91 106 109  #SUP: 7216 #CONF: 0.9993075751280986
91  ==> 55 58 109 124 127  #SUP: 7216 #CONF: 0.9993075751280986
88  ==> 19 37 58 91 109 127  #SUP: 7216 #CONF: 0.999722914934885
19  ==> 37 58 88 91 109 127  #SUP: 7216 #CONF: 0.9993075751280986
106  ==> 19 37 58 91 109 127  #SUP: 7216 #CONF: 0.999722914934885
91  ==> 55 58 106 109 127  #SUP: 7216 #CONF: 0.9993075751280986
106  ==> 55 58 91 109 127  #SUP: 7216 #CONF: 0.999722914934885
58  ==> 55 88 91 109 127  #SUP: 7216 #CONF: 0.999169205206314
55  ==> 58 88 91 109 127  #SUP: 7216 #CONF: 0.9994459833795014
109  ==> 55 58 91 106 127  #SUP: 7216 #CONF: 0.9993075751280986
109  ==> 55 58 88 91 127  #SUP: 7216 #CONF: 0.9993075751280986
109  ==> 55 58 91 124 127  #SUP: 7216 #CONF: 0.9993075751280986
58  ==> 55 91 106 109 127  #SUP: 7216 #CONF: 0.999169205206314
91  ==> 55 58 88 109 127  #SUP: 7216 #CONF: 0.9993075751280986
88  ==> 55 58 91 109 127  #SUP: 7216 #CONF: 0.999722914934885
124  ==> 55 58 91 109 127  #SUP: 7216 #CONF: 0.999722914934885
55  ==> 58 91 106 109 127  #SUP: 7216 #CONF: 0.9994459833795014
127  ==> 55 58 88 91 109  #SUP: 7216 #CONF: 0.9993075751280986
55  ==> 58 91 109 124 127  #SUP: 7216 #CONF: 0.9994459833795014
37 55 127  ==> 58 91 109 124  #SUP: 7215 #CONF: 0.9995843724023276
19 55 109  ==> 58 91 124 127  #SUP: 7215 #CONF: 0.9995843724023276
37 55 127  ==> 58 88 91 109  #SUP: 7215 #CONF: 0.9995843724023276
19 55 124  ==> 58 91 109 127  #SUP: 7215 #CONF: 1.0
37 55 109  ==> 58 88 91 127  #SUP: 7215 #CONF: 0.9995843724023276
37 55 91  ==> 58 88 109 127  #SUP: 7215 #CONF: 0.9995843724023276
37 55 109  ==> 58 91 124 127  #SUP: 7215 #CONF: 0.9995843724023276
19 55 127  ==> 58 91 106 109  #SUP: 7215 #CONF: 0.9995843724023276
19 55 91  ==> 58 88 109 127  #SUP: 7215 #CONF: 0.9995843724023276
37 55 91  ==> 58 109 124 127  #SUP: 7215 #CONF: 0.9995843724023276
19 55 91  ==> 58 109 124 127  #SUP: 7215 #CONF: 0.9995843724023276
37 55 109  ==> 58 91 106 127  #SUP: 7215 #CONF: 0.9995843724023276
19 55 106  ==> 58 91 109 127  #SUP: 7215 #CONF: 1.0
37 55 124  ==> 58 91 109 127  #SUP: 7215 #CONF: 1.0
37 55 91  ==> 58 106 109 127  #SUP: 7215 #CONF: 0.9995843724023276
19 55 109  ==> 58 88 91 127  #SUP: 7215 #CONF: 0.9995843724023276
19 55 127  ==> 58 91 109 124  #SUP: 7215 #CONF: 0.9995843724023276
37 55 127  ==> 58 91 106 109  #SUP: 7215 #CONF: 0.9995843724023276
19 55 88  ==> 58 91 109 127  #SUP: 7215 #CONF: 1.0
19 55 91  ==> 58 106 109 127  #SUP: 7215 #CONF: 0.9995843724023276
19 55 127  ==> 58 88 91 109  #SUP: 7215 #CONF: 0.9995843724023276
19 55 109  ==> 58 91 106 127  #SUP: 7215 #CONF: 0.9995843724023276
37 55 88  ==> 58 91 109 127  #SUP: 7215 #CONF: 1.0
19 106 124  ==> 58 91 109 127  #SUP: 7214 #CONF: 1.0
91  ==> 58 88 109 124 127  #SUP: 7215 #CONF: 0.9991690901537184
106 124  ==> 58 91 109 127  #SUP: 7215 #CONF: 1.0
55 91  ==> 19 58 109 124 127  #SUP: 7215 #CONF: 0.999445906635268
55 127  ==> 37 58 91 106 109  #SUP: 7215 #CONF: 0.999445906635268
37 88  ==> 55 58 91 109 127  #SUP: 7215 #CONF: 0.9997228765414993
37 109  ==> 55 58 88 91 127  #SUP: 7215 #CONF: 0.9993074792243767
37 109  ==> 55 58 91 106 127  #SUP: 7215 #CONF: 0.9993074792243767
37 91  ==> 55 58 88 109 127  #SUP: 7215 #CONF: 0.9993074792243767
37 109  ==> 55 58 91 124 127  #SUP: 7215 #CONF: 0.9993074792243767
37 127  ==> 55 58 88 91 109  #SUP: 7215 #CONF: 0.9993074792243767
55 91  ==> 19 58 106 109 127  #SUP: 7215 #CONF: 0.999445906635268
37 127  ==> 55 58 91 106 109  #SUP: 7215 #CONF: 0.9993074792243767
37 55  ==> 58 91 109 124 127  #SUP: 7215 #CONF: 0.999445906635268
55 127  ==> 37 58 88 91 109  #SUP: 7215 #CONF: 0.999445906635268
55 127  ==> 19 58 91 109 124  #SUP: 7215 #CONF: 0.999445906635268
55 127  ==> 37 58 91 109 124  #SUP: 7215 #CONF: 0.999445906635268
55 109  ==> 19 58 91 106 127  #SUP: 7215 #CONF: 0.999445906635268
55 91  ==> 37 58 88 109 127  #SUP: 7215 #CONF: 0.999445906635268
37 91  ==> 55 58 106 109 127  #SUP: 7215 #CONF: 0.9993074792243767
55 124  ==> 37 58 91 109 127  #SUP: 7215 #CONF: 0.9998614190687362
55 106  ==> 37 58 91 109 127  #SUP: 7215 #CONF: 0.9998614190687362
19 127  ==> 55 58 91 106 109  #SUP: 7215 #CONF: 0.9993074792243767
37 127  ==> 55 58 91 109 124  #SUP: 7215 #CONF: 0.9993074792243767
55 88  ==> 19 58 91 109 127  #SUP: 7215 #CONF: 0.9998614190687362
19 124  ==> 55 58 91 109 127  #SUP: 7215 #CONF: 0.9997228765414993
55 91  ==> 37 58 106 109 127  #SUP: 7215 #CONF: 0.999445906635268
19 127  ==> 55 58 88 91 109  #SUP: 7215 #CONF: 0.9993074792243767
55 109  ==> 37 58 91 124 127  #SUP: 7215 #CONF: 0.999445906635268
19 109  ==> 55 58 91 106 127  #SUP: 7215 #CONF: 0.9993074792243767
55 109  ==> 37 58 88 91 127  #SUP: 7215 #CONF: 0.999445906635268
55 109  ==> 19 58 88 91 127  #SUP: 7215 #CONF: 0.999445906635268
55 91  ==> 19 58 88 109 127  #SUP: 7215 #CONF: 0.999445906635268
37 91  ==> 55 58 109 124 127  #SUP: 7215 #CONF: 0.9993074792243767
19 55  ==> 58 88 91 109 127  #SUP: 7215 #CONF: 0.999445906635268
19 91  ==> 55 58 109 124 127  #SUP: 7215 #CONF: 0.9993074792243767
37 55  ==> 58 88 91 109 127  #SUP: 7215 #CONF: 0.999445906635268
55 88  ==> 37 58 91 109 127  #SUP: 7215 #CONF: 0.9998614190687362
37 55  ==> 58 91 106 109 127  #SUP: 7215 #CONF: 0.999445906635268
19 106  ==> 55 58 91 109 127  #SUP: 7215 #CONF: 0.9997228765414993
19 109  ==> 55 58 91 124 127  #SUP: 7215 #CONF: 0.9993074792243767
19 109  ==> 55 58 88 91 127  #SUP: 7215 #CONF: 0.9993074792243767
55 109  ==> 19 58 91 124 127  #SUP: 7215 #CONF: 0.999445906635268
55 106  ==> 19 58 91 109 127  #SUP: 7215 #CONF: 0.9998614190687362
19 91  ==> 55 58 106 109 127  #SUP: 7215 #CONF: 0.9993074792243767
19 127  ==> 55 58 91 109 124  #SUP: 7215 #CONF: 0.9993074792243767
55 127  ==> 19 58 88 91 109  #SUP: 7215 #CONF: 0.999445906635268
19 55  ==> 58 91 109 124 127  #SUP: 7215 #CONF: 0.999445906635268
19 91  ==> 55 58 88 109 127  #SUP: 7215 #CONF: 0.9993074792243767
37 106  ==> 55 58 91 109 127  #SUP: 7215 #CONF: 0.9997228765414993
55 124  ==> 19 58 91 109 127  #SUP: 7215 #CONF: 0.9998614190687362
19 88  ==> 55 58 91 109 127  #SUP: 7215 #CONF: 0.9997228765414993
55 109  ==> 37 58 91 106 127  #SUP: 7215 #CONF: 0.999445906635268
19 55  ==> 58 91 106 109 127  #SUP: 7215 #CONF: 0.999445906635268
55 127  ==> 19 58 91 106 109  #SUP: 7215 #CONF: 0.999445906635268
37 124  ==> 55 58 91 109 127  #SUP: 7215 #CONF: 0.9997228765414993
55 91  ==> 37 58 109 124 127  #SUP: 7215 #CONF: 0.999445906635268
88 124  ==> 58 91 109 127  #SUP: 7215 #CONF: 1.0
88 106  ==> 58 91 109 127  #SUP: 7215 #CONF: 1.0
109  ==> 19 55 58 91 124 127  #SUP: 7215 #CONF: 0.9991690901537184
127  ==> 19 55 58 91 109 124  #SUP: 7215 #CONF: 0.9991690901537184
109  ==> 37 55 58 91 106 127  #SUP: 7215 #CONF: 0.9991690901537184
91  ==> 19 55 58 106 109 127  #SUP: 7215 #CONF: 0.9991690901537184
55  ==> 37 58 91 106 109 127  #SUP: 7215 #CONF: 0.9993074792243767
55  ==> 19 58 91 106 109 127  #SUP: 7215 #CONF: 0.9993074792243767
109  ==> 19 55 58 91 106 127  #SUP: 7215 #CONF: 0.9991690901537184
91  ==> 37 55 58 88 109 127  #SUP: 7215 #CONF: 0.9991690901537184
19  ==> 55 58 91 106 109 127  #SUP: 7215 #CONF: 0.9991690901537184
55  ==> 19 58 91 109 124 127  #SUP: 7215 #CONF: 0.9993074792243767
91  ==> 37 55 58 109 124 127  #SUP: 7215 #CONF: 0.9991690901537184
58  ==> 37 55 88 91 109 127  #SUP: 7215 #CONF: 0.9990307394073664
127  ==> 37 55 58 91 109 124  #SUP: 7215 #CONF: 0.9991690901537184
91  ==> 37 55 58 106 109 127  #SUP: 7215 #CONF: 0.9991690901537184
58  ==> 37 55 91 106 109 127  #SUP: 7215 #CONF: 0.9990307394073664
124  ==> 37 55 58 91 109 127  #SUP: 7215 #CONF: 0.9995843724023276
37  ==> 55 58 88 91 109 127  #SUP: 7215 #CONF: 0.9991690901537184
124  ==> 19 55 58 91 109 127  #SUP: 7215 #CONF: 0.9995843724023276
19  ==> 55 58 91 109 124 127  #SUP: 7215 #CONF: 0.9991690901537184
127  ==> 37 55 58 91 106 109  #SUP: 7215 #CONF: 0.9991690901537184
127  ==> 37 55 58 88 91 109  #SUP: 7215 #CONF: 0.9991690901537184
127  ==> 19 55 58 88 91 109  #SUP: 7215 #CONF: 0.9991690901537184
58  ==> 19 55 91 109 124 127  #SUP: 7215 #CONF: 0.9990307394073664
109  ==> 37 55 58 91 124 127  #SUP: 7215 #CONF: 0.9991690901537184
58  ==> 37 55 91 109 124 127  #SUP: 7215 #CONF: 0.9990307394073664
109  ==> 19 55 58 88 91 127  #SUP: 7215 #CONF: 0.9991690901537184
55  ==> 19 58 88 91 109 127  #SUP: 7215 #CONF: 0.9993074792243767
88  ==> 19 55 58 91 109 127  #SUP: 7215 #CONF: 0.9995843724023276
91  ==> 19 55 58 109 124 127  #SUP: 7215 #CONF: 0.9991690901537184
55  ==> 37 58 88 91 109 127  #SUP: 7215 #CONF: 0.9993074792243767
58  ==> 19 55 91 106 109 127  #SUP: 7215 #CONF: 0.9990307394073664
88  ==> 37 55 58 91 109 127  #SUP: 7215 #CONF: 0.9995843724023276
37  ==> 55 58 91 106 109 127  #SUP: 7215 #CONF: 0.9991690901537184
106  ==> 19 55 58 91 109 127  #SUP: 7215 #CONF: 0.9995843724023276
127  ==> 58 88 91 109 124  #SUP: 7215 #CONF: 0.9991690901537184
58  ==> 91 106 109 124 127  #SUP: 7215 #CONF: 0.9990307394073664
37  ==> 55 58 91 109 124 127  #SUP: 7215 #CONF: 0.9991690901537184
19  ==> 55 58 88 91 109 127  #SUP: 7215 #CONF: 0.9991690901537184
91  ==> 19 55 58 88 109 127  #SUP: 7215 #CONF: 0.9991690901537184
106  ==> 37 55 58 91 109 127  #SUP: 7215 #CONF: 0.9995843724023276
127  ==> 19 55 58 91 106 109  #SUP: 7215 #CONF: 0.9991690901537184
109  ==> 37 55 58 88 91 127  #SUP: 7215 #CONF: 0.9991690901537184
55  ==> 37 58 91 109 124 127  #SUP: 7215 #CONF: 0.9993074792243767
58  ==> 88 91 106 109 127  #SUP: 7215 #CONF: 0.9990307394073664
58  ==> 19 55 88 91 109 127  #SUP: 7215 #CONF: 0.9990307394073664
88  ==> 58 91 109 124 127  #SUP: 7215 #CONF: 0.9995843724023276
88  ==> 58 91 106 109 127  #SUP: 7215 #CONF: 0.9995843724023276
124  ==> 58 91 106 109 127  #SUP: 7215 #CONF: 0.9995843724023276
91  ==> 58 106 109 124 127  #SUP: 7215 #CONF: 0.9991690901537184
109  ==> 58 91 106 124 127  #SUP: 7215 #CONF: 0.9991690901537184
109  ==> 58 88 91 124 127  #SUP: 7215 #CONF: 0.9991690901537184
127  ==> 58 91 106 109 124  #SUP: 7215 #CONF: 0.9991690901537184
124  ==> 58 88 91 109 127  #SUP: 7215 #CONF: 0.9995843724023276
127  ==> 58 88 91 106 109  #SUP: 7215 #CONF: 0.9991690901537184
58  ==> 88 91 109 124 127  #SUP: 7215 #CONF: 0.9990307394073664
106  ==> 58 88 91 109 127  #SUP: 7215 #CONF: 0.9995843724023276
109  ==> 58 88 91 106 127  #SUP: 7215 #CONF: 0.9991690901537184
106  ==> 58 91 109 124 127  #SUP: 7215 #CONF: 0.9995843724023276
37 55 88  ==> 19 58 91 109 127  #SUP: 7214 #CONF: 0.9998613998613999
37 55 127  ==> 19 58 91 109 124  #SUP: 7214 #CONF: 0.99944582986977
19 37 55 109  ==> 58 88 91 127  #SUP: 7214 #CONF: 0.9995843148122489
19 37 55 88  ==> 58 91 109 127  #SUP: 7214 #CONF: 1.0
19 37 55 91  ==> 58 106 109 127  #SUP: 7214 #CONF: 0.9995843148122489
91  ==> 58 88 106 109 127  #SUP: 7215 #CONF: 0.9991690901537184
19 37 55 109  ==> 58 91 106 127  #SUP: 7214 #CONF: 0.9995843148122489
19 37 55 124  ==> 58 91 109 127  #SUP: 7214 #CONF: 1.0
19 37 55 109  ==> 58 91 124 127  #SUP: 7214 #CONF: 0.9995843148122489
19 37 55 127  ==> 58 91 109 124  #SUP: 7214 #CONF: 0.9995843148122489
19 37 55 106  ==> 58 91 109 127  #SUP: 7214 #CONF: 1.0
19 37 55 127  ==> 58 88 91 109  #SUP: 7214 #CONF: 0.9995843148122489
19 37 55 127  ==> 58 91 106 109  #SUP: 7214 #CONF: 0.9995843148122489
19 37 55 91  ==> 58 88 109 127  #SUP: 7214 #CONF: 0.9995843148122489
19 37 55 91  ==> 58 109 124 127  #SUP: 7214 #CONF: 0.9995843148122489
19 37 109  ==> 55 58 88 91 127  #SUP: 7214 #CONF: 0.9993073832940851
19 37 106  ==> 55 58 91 109 127  #SUP: 7214 #CONF: 0.9997228381374723
19 37 124  ==> 55 58 91 109 127  #SUP: 7214 #CONF: 0.9997228381374723
37 55 91  ==> 19 58 88 109 127  #SUP: 7214 #CONF: 0.99944582986977
19 55 91  ==> 37 58 106 109 127  #SUP: 7214 #CONF: 0.99944582986977
37 55 127  ==> 19 58 91 106 109  #SUP: 7214 #CONF: 0.99944582986977
19 37 55  ==> 58 88 91 109 127  #SUP: 7214 #CONF: 0.99944582986977
19 37 109  ==> 55 58 91 106 127  #SUP: 7214 #CONF: 0.9993073832940851
19 55 124  ==> 37 58 91 109 127  #SUP: 7214 #CONF: 0.9998613998613999
19 37 127  ==> 55 58 91 106 109  #SUP: 7214 #CONF: 0.9993073832940851
19 55 109  ==> 37 58 88 91 127  #SUP: 7214 #CONF: 0.99944582986977
37 55 109  ==> 19 58 91 106 127  #SUP: 7214 #CONF: 0.99944582986977
19 55 109  ==> 37 58 91 124 127  #SUP: 7214 #CONF: 0.99944582986977
37 55 106  ==> 19 58 91 109 127  #SUP: 7214 #CONF: 0.9998613998613999
19 55 127  ==> 37 58 91 109 124  #SUP: 7214 #CONF: 0.99944582986977
19 55 127  ==> 37 58 88 91 109  #SUP: 7214 #CONF: 0.99944582986977
19 37 127  ==> 55 58 91 109 124  #SUP: 7214 #CONF: 0.9993073832940851
19 37 91  ==> 55 58 88 109 127  #SUP: 7214 #CONF: 0.9993073832940851
19 37 109  ==> 55 58 91 124 127  #SUP: 7214 #CONF: 0.9993073832940851
37 55 91  ==> 19 58 106 109 127  #SUP: 7214 #CONF: 0.99944582986977
37 55 127  ==> 19 58 88 91 109  #SUP: 7214 #CONF: 0.99944582986977
19 55 88  ==> 37 58 91 109 127  #SUP: 7214 #CONF: 0.9998613998613999
19 37 127  ==> 55 58 88 91 109  #SUP: 7214 #CONF: 0.9993073832940851
19 55 106  ==> 37 58 91 109 127  #SUP: 7214 #CONF: 0.9998613998613999
19 37 55  ==> 58 91 109 124 127  #SUP: 7214 #CONF: 0.99944582986977
19 37 88  ==> 55 58 91 109 127  #SUP: 7214 #CONF: 0.9997228381374723
37 55 109  ==> 19 58 91 124 127  #SUP: 7214 #CONF: 0.99944582986977
19 55 109  ==> 37 58 91 106 127  #SUP: 7214 #CONF: 0.99944582986977
37 55 109  ==> 19 58 88 91 127  #SUP: 7214 #CONF: 0.99944582986977
19 37 91  ==> 55 58 109 124 127  #SUP: 7214 #CONF: 0.9993073832940851
19 55 127  ==> 37 58 91 106 109  #SUP: 7214 #CONF: 0.99944582986977
19 55 91  ==> 37 58 109 124 127  #SUP: 7214 #CONF: 0.99944582986977
19 55 91  ==> 37 58 88 109 127  #SUP: 7214 #CONF: 0.99944582986977
19 37 91  ==> 55 58 106 109 127  #SUP: 7214 #CONF: 0.9993073832940851
37 55 124  ==> 19 58 91 109 127  #SUP: 7214 #CONF: 0.9998613998613999
19 37 55  ==> 58 91 106 109 127  #SUP: 7214 #CONF: 0.99944582986977
37 106 124  ==> 58 91 109 127  #SUP: 7214 #CONF: 1.0
37 88 106  ==> 58 91 109 127  #SUP: 7214 #CONF: 1.0
37 55 91  ==> 19 58 109 124 127  #SUP: 7214 #CONF: 0.99944582986977
19 88 106  ==> 58 91 109 127  #SUP: 7214 #CONF: 1.0
37 88 124  ==> 58 91 109 127  #SUP: 7214 #CONF: 1.0
19 88 124  ==> 58 91 109 127  #SUP: 7214 #CONF: 1.0
19 37 88 124  ==> 58 91 109 127  #SUP: 7213 #CONF: 1.0
37 109  ==> 58 88 91 106 127  #SUP: 7214 #CONF: 0.9991689750692521
55 127  ==> 19 37 58 91 109 124  #SUP: 7214 #CONF: 0.9993073832940851
19 127  ==> 37 55 58 91 109 124  #SUP: 7214 #CONF: 0.9991689750692521
37 55  ==> 19 58 88 91 109 127  #SUP: 7214 #CONF: 0.9993073832940851
55 124  ==> 19 37 58 91 109 127  #SUP: 7214 #CONF: 0.9997228381374723
37 127  ==> 19 55 58 91 106 109  #SUP: 7214 #CONF: 0.9991689750692521
19 55  ==> 37 58 88 91 109 127  #SUP: 7214 #CONF: 0.9993073832940851
19 109  ==> 37 55 58 91 106 127  #SUP: 7214 #CONF: 0.9991689750692521
19 37  ==> 55 58 91 106 109 127  #SUP: 7214 #CONF: 0.9991689750692521
55 109  ==> 19 37 58 88 91 127  #SUP: 7214 #CONF: 0.9993073832940851
55 109  ==> 19 37 58 91 106 127  #SUP: 7214 #CONF: 0.9993073832940851
37 124  ==> 19 55 58 91 109 127  #SUP: 7214 #CONF: 0.9995843148122489
19 91  ==> 37 55 58 109 124 127  #SUP: 7214 #CONF: 0.9991689750692521
37 106  ==> 19 55 58 91 109 127  #SUP: 7214 #CONF: 0.9995843148122489
19 106  ==> 37 55 58 91 109 127  #SUP: 7214 #CONF: 0.9995843148122489
19 88  ==> 37 55 58 91 109 127  #SUP: 7214 #CONF: 0.9995843148122489
55 91  ==> 19 37 58 109 124 127  #SUP: 7214 #CONF: 0.9993073832940851
19 124  ==> 37 55 58 91 109 127  #SUP: 7214 #CONF: 0.9995843148122489
55 88  ==> 19 37 58 91 109 127  #SUP: 7214 #CONF: 0.9997228381374723
19 127  ==> 37 55 58 88 91 109  #SUP: 7214 #CONF: 0.9991689750692521
55 106  ==> 19 37 58 91 109 127  #SUP: 7214 #CONF: 0.9997228381374723
55 91  ==> 19 37 58 106 109 127  #SUP: 7214 #CONF: 0.9993073832940851
37 88  ==> 19 55 58 91 109 127  #SUP: 7214 #CONF: 0.9995843148122489
19 55  ==> 37 58 91 109 124 127  #SUP: 7214 #CONF: 0.9993073832940851
37 91  ==> 19 55 58 106 109 127  #SUP: 7214 #CONF: 0.9991689750692521
19 91  ==> 37 55 58 88 109 127  #SUP: 7214 #CONF: 0.9991689750692521
19 109  ==> 37 55 58 88 91 127  #SUP: 7214 #CONF: 0.9991689750692521
19 109  ==> 37 55 58 91 124 127  #SUP: 7214 #CONF: 0.9991689750692521
19 91  ==> 37 55 58 106 109 127  #SUP: 7214 #CONF: 0.9991689750692521
37 109  ==> 19 55 58 91 124 127  #SUP: 7214 #CONF: 0.9991689750692521
37 91  ==> 19 55 58 109 124 127  #SUP: 7214 #CONF: 0.9991689750692521
37 91  ==> 19 55 58 88 109 127  #SUP: 7214 #CONF: 0.9991689750692521
55 91  ==> 19 37 58 88 109 127  #SUP: 7214 #CONF: 0.9993073832940851
37 109  ==> 19 55 58 88 91 127  #SUP: 7214 #CONF: 0.9991689750692521
37 109  ==> 19 55 58 91 106 127  #SUP: 7214 #CONF: 0.9991689750692521
19 55  ==> 37 58 91 106 109 127  #SUP: 7214 #CONF: 0.9993073832940851
37 127  ==> 19 55 58 91 109 124  #SUP: 7214 #CONF: 0.9991689750692521
55 109  ==> 19 37 58 91 124 127  #SUP: 7214 #CONF: 0.9993073832940851
37 55  ==> 19 58 91 106 109 127  #SUP: 7214 #CONF: 0.9993073832940851
19 127  ==> 37 55 58 91 106 109  #SUP: 7214 #CONF: 0.9991689750692521
37 127  ==> 19 55 58 88 91 109  #SUP: 7214 #CONF: 0.9991689750692521
37 127  ==> 58 91 106 109 124  #SUP: 7214 #CONF: 0.9991689750692521
37 91  ==> 58 106 109 124 127  #SUP: 7214 #CONF: 0.9991689750692521
55 127  ==> 19 37 58 91 106 109  #SUP: 7214 #CONF: 0.9993073832940851
37 55  ==> 19 58 91 109 124 127  #SUP: 7214 #CONF: 0.9993073832940851
19 37  ==> 55 58 88 91 109 127  #SUP: 7214 #CONF: 0.9991689750692521
19 37  ==> 55 58 91 109 124 127  #SUP: 7214 #CONF: 0.9991689750692521
37 109  ==> 58 88 91 124 127  #SUP: 7214 #CONF: 0.9991689750692521
55 127  ==> 19 37 58 88 91 109  #SUP: 7214 #CONF: 0.9993073832940851
19 124  ==> 58 91 106 109 127  #SUP: 7214 #CONF: 0.9995843148122489
19 88  ==> 58 91 106 109 127  #SUP: 7214 #CONF: 0.9995843148122489
19 109  ==> 58 88 91 106 127  #SUP: 7214 #CONF: 0.9991689750692521
37 124  ==> 58 88 91 109 127  #SUP: 7214 #CONF: 0.9995843148122489
88 106  ==> 19 58 91 109 127  #SUP: 7214 #CONF: 0.9998613998613999
19 127  ==> 58 88 91 106 109  #SUP: 7214 #CONF: 0.9991689750692521
88 124  ==> 19 58 91 109 127  #SUP: 7214 #CONF: 0.9998613998613999
19 91  ==> 58 88 106 109 127  #SUP: 7214 #CONF: 0.9991689750692521
37 106  ==> 58 88 91 109 127  #SUP: 7214 #CONF: 0.9995843148122489
88 124  ==> 37 58 91 109 127  #SUP: 7214 #CONF: 0.9998613998613999
19 91  ==> 58 88 109 124 127  #SUP: 7214 #CONF: 0.9991689750692521
19 91  ==> 58 106 109 124 127  #SUP: 7214 #CONF: 0.9991689750692521
37 127  ==> 58 88 91 109 124  #SUP: 7214 #CONF: 0.9991689750692521
19 127  ==> 58 91 106 109 124  #SUP: 7214 #CONF: 0.9991689750692521
37 106  ==> 58 91 109 124 127  #SUP: 7214 #CONF: 0.9995843148122489
19 109  ==> 58 88 91 124 127  #SUP: 7214 #CONF: 0.9991689750692521
37 88  ==> 58 91 106 109 127  #SUP: 7214 #CONF: 0.9995843148122489
37 124  ==> 58 91 106 109 127  #SUP: 7214 #CONF: 0.9995843148122489
106 124  ==> 37 58 91 109 127  #SUP: 7214 #CONF: 0.9998613998613999
37 127  ==> 58 88 91 106 109  #SUP: 7214 #CONF: 0.9991689750692521
19 88  ==> 58 91 109 124 127  #SUP: 7214 #CONF: 0.9995843148122489
19 109  ==> 58 91 106 124 127  #SUP: 7214 #CONF: 0.9991689750692521
37 91  ==> 58 88 109 124 127  #SUP: 7214 #CONF: 0.9991689750692521
106 124  ==> 19 58 91 109 127  #SUP: 7214 #CONF: 0.9998613998613999
37 91  ==> 58 88 106 109 127  #SUP: 7214 #CONF: 0.9991689750692521
37 109  ==> 58 91 106 124 127  #SUP: 7214 #CONF: 0.9991689750692521
19 124  ==> 58 88 91 109 127  #SUP: 7214 #CONF: 0.9995843148122489
88 106  ==> 37 58 91 109 127  #SUP: 7214 #CONF: 0.9998613998613999
19 127  ==> 58 88 91 109 124  #SUP: 7214 #CONF: 0.9991689750692521
19 106  ==> 58 91 109 124 127  #SUP: 7214 #CONF: 0.9995843148122489
37 88  ==> 58 91 109 124 127  #SUP: 7214 #CONF: 0.9995843148122489
127  ==> 19 58 91 106 109 124  #SUP: 7214 #CONF: 0.9990306051793381
55  ==> 19 37 58 91 109 124 127  #SUP: 7214 #CONF: 0.9991689750692521
127  ==> 19 37 55 58 91 109 124  #SUP: 7214 #CONF: 0.9990306051793381
109  ==> 19 37 55 58 88 91 127  #SUP: 7214 #CONF: 0.9990306051793381
19  ==> 37 55 58 91 109 124 127  #SUP: 7214 #CONF: 0.9990306051793381
19 106  ==> 58 88 91 109 127  #SUP: 7214 #CONF: 0.9995843148122489
37  ==> 19 55 58 88 91 109 127  #SUP: 7214 #CONF: 0.9990306051793381
127  ==> 19 37 55 58 91 106 109  #SUP: 7214 #CONF: 0.9990306051793381
55  ==> 19 37 58 91 106 109 127  #SUP: 7214 #CONF: 0.9991689750692521
91  ==> 19 37 55 58 106 109 127  #SUP: 7214 #CONF: 0.9990306051793381
91  ==> 19 37 55 58 88 109 127  #SUP: 7214 #CONF: 0.9990306051793381
124  ==> 19 37 55 58 91 109 127  #SUP: 7214 #CONF: 0.99944582986977
58  ==> 19 37 55 91 106 109 127  #SUP: 7214 #CONF: 0.9988922736084187
19  ==> 37 55 58 88 91 109 127  #SUP: 7214 #CONF: 0.9990306051793381
58  ==> 19 37 55 88 91 109 127  #SUP: 7214 #CONF: 0.9988922736084187
127  ==> 19 37 55 58 88 91 109  #SUP: 7214 #CONF: 0.9990306051793381
37  ==> 19 55 58 91 109 124 127  #SUP: 7214 #CONF: 0.9990306051793381
19  ==> 37 55 58 91 106 109 127  #SUP: 7214 #CONF: 0.9990306051793381
109  ==> 19 37 55 58 91 106 127  #SUP: 7214 #CONF: 0.9990306051793381
37  ==> 19 55 58 91 106 109 127  #SUP: 7214 #CONF: 0.9990306051793381
106  ==> 19 37 55 58 91 109 127  #SUP: 7214 #CONF: 0.99944582986977
91  ==> 19 37 55 58 109 124 127  #SUP: 7214 #CONF: 0.9990306051793381
58  ==> 19 37 55 91 109 124 127  #SUP: 7214 #CONF: 0.9988922736084187
127  ==> 19 58 88 91 106 109  #SUP: 7214 #CONF: 0.9990306051793381
109  ==> 19 58 88 91 106 127  #SUP: 7214 #CONF: 0.9990306051793381
55  ==> 19 37 58 88 91 109 127  #SUP: 7214 #CONF: 0.9991689750692521
109  ==> 19 37 55 58 91 124 127  #SUP: 7214 #CONF: 0.9990306051793381
88  ==> 19 37 55 58 91 109 127  #SUP: 7214 #CONF: 0.99944582986977
124  ==> 37 58 91 106 109 127  #SUP: 7214 #CONF: 0.99944582986977
88  ==> 37 58 91 106 109 127  #SUP: 7214 #CONF: 0.99944582986977
91  ==> 19 58 88 106 109 127  #SUP: 7214 #CONF: 0.9990306051793381
58  ==> 37 91 106 109 124 127  #SUP: 7214 #CONF: 0.9988922736084187
58  ==> 19 91 106 109 124 127  #SUP: 7214 #CONF: 0.9988922736084187
37  ==> 58 91 106 109 124 127  #SUP: 7214 #CONF: 0.9990306051793381
19  ==> 58 88 91 109 124 127  #SUP: 7214 #CONF: 0.9990306051793381
109  ==> 19 58 88 91 124 127  #SUP: 7214 #CONF: 0.9990306051793381
91  ==> 37 58 88 109 124 127  #SUP: 7214 #CONF: 0.9990306051793381
124  ==> 19 58 91 106 109 127  #SUP: 7214 #CONF: 0.99944582986977
124  ==> 37 58 88 91 109 127  #SUP: 7214 #CONF: 0.99944582986977
91  ==> 19 58 106 109 124 127  #SUP: 7214 #CONF: 0.9990306051793381
127  ==> 37 58 88 91 109 124  #SUP: 7214 #CONF: 0.9990306051793381
106  ==> 37 58 88 91 109 127  #SUP: 7214 #CONF: 0.99944582986977
127  ==> 37 58 91 106 109 124  #SUP: 7214 #CONF: 0.9990306051793381
127  ==> 37 58 88 91 106 109  #SUP: 7214 #CONF: 0.9990306051793381
37  ==> 58 88 91 109 124 127  #SUP: 7214 #CONF: 0.9990306051793381
106  ==> 19 58 91 109 124 127  #SUP: 7214 #CONF: 0.99944582986977
19  ==> 58 91 106 109 124 127  #SUP: 7214 #CONF: 0.9990306051793381
58  ==> 37 88 91 106 109 127  #SUP: 7214 #CONF: 0.9988922736084187
91  ==> 37 58 88 106 109 127  #SUP: 7214 #CONF: 0.9990306051793381
37  ==> 58 88 91 106 109 127  #SUP: 7214 #CONF: 0.9990306051793381
124  ==> 19 58 88 91 109 127  #SUP: 7214 #CONF: 0.99944582986977
127  ==> 19 58 88 91 109 124  #SUP: 7214 #CONF: 0.9990306051793381
106  ==> 19 58 88 91 109 127  #SUP: 7214 #CONF: 0.99944582986977
91  ==> 19 58 88 109 124 127  #SUP: 7214 #CONF: 0.9990306051793381
88  ==> 37 58 91 109 124 127  #SUP: 7214 #CONF: 0.99944582986977
109  ==> 37 58 88 91 124 127  #SUP: 7214 #CONF: 0.9990306051793381
91  ==> 37 58 106 109 124 127  #SUP: 7214 #CONF: 0.9990306051793381
88  ==> 19 58 91 106 109 127  #SUP: 7214 #CONF: 0.99944582986977
19  ==> 58 88 91 106 109 127  #SUP: 7214 #CONF: 0.9990306051793381
88  ==> 19 58 91 109 124 127  #SUP: 7214 #CONF: 0.99944582986977
109  ==> 37 58 88 91 106 127  #SUP: 7214 #CONF: 0.9990306051793381
109  ==> 19 58 91 106 124 127  #SUP: 7214 #CONF: 0.9990306051793381
58  ==> 19 88 91 106 109 127  #SUP: 7214 #CONF: 0.9988922736084187
58  ==> 37 88 91 109 124 127  #SUP: 7214 #CONF: 0.9988922736084187
106  ==> 37 58 91 109 124 127  #SUP: 7214 #CONF: 0.99944582986977
58  ==> 19 88 91 109 124 127  #SUP: 7214 #CONF: 0.9988922736084187
109  ==> 37 58 91 106 124 127  #SUP: 7214 #CONF: 0.9990306051793381
19 37 106 124  ==> 58 91 109 127  #SUP: 7213 #CONF: 1.0
19 37 88 106  ==> 58 91 109 127  #SUP: 7213 #CONF: 1.0
106 124  ==> 19 37 58 91 109 127  #SUP: 7213 #CONF: 0.9997227997227998
55 106 124  ==> 58 91 109 127  #SUP: 7213 #CONF: 1.0
37 88 124  ==> 19 58 91 109 127  #SUP: 7213 #CONF: 0.9998613806487385
19 37 109  ==> 58 88 91 124 127  #SUP: 7213 #CONF: 0.999168859952902
19 106 124  ==> 37 58 91 109 127  #SUP: 7213 #CONF: 0.9998613806487385
19 37 106  ==> 58 91 109 124 127  #SUP: 7213 #CONF: 0.9995842572062085
19 37 109  ==> 58 91 106 124 127  #SUP: 7213 #CONF: 0.999168859952902
19 37 91  ==> 58 106 109 124 127  #SUP: 7213 #CONF: 0.999168859952902
19 37 88  ==> 58 91 106 109 127  #SUP: 7213 #CONF: 0.9995842572062085
19 37 124  ==> 58 88 91 109 127  #SUP: 7213 #CONF: 0.9995842572062085
19 37 106  ==> 58 88 91 109 127  #SUP: 7213 #CONF: 0.9995842572062085
19 37 91  ==> 58 88 106 109 127  #SUP: 7213 #CONF: 0.999168859952902
19 88 124  ==> 37 58 91 109 127  #SUP: 7213 #CONF: 0.9998613806487385
37 106 124  ==> 19 58 91 109 127  #SUP: 7213 #CONF: 0.9998613806487385
19 37 127  ==> 58 88 91 106 109  #SUP: 7213 #CONF: 0.999168859952902
37 88 106  ==> 19 58 91 109 127  #SUP: 7213 #CONF: 0.9998613806487385
19 37 124  ==> 58 91 106 109 127  #SUP: 7213 #CONF: 0.9995842572062085
55 88 106  ==> 58 91 109 127  #SUP: 7213 #CONF: 1.0
19 37 88  ==> 58 91 109 124 127  #SUP: 7213 #CONF: 0.9995842572062085
19 37 109  ==> 58 88 91 106 127  #SUP: 7213 #CONF: 0.999168859952902
19 37 91  ==> 58 88 109 124 127  #SUP: 7213 #CONF: 0.999168859952902
19 88 106  ==> 37 58 91 109 127  #SUP: 7213 #CONF: 0.9998613806487385
55 88 124  ==> 58 91 109 127  #SUP: 7213 #CONF: 1.0
37 106  ==> 19 58 88 91 109 127  #SUP: 7213 #CONF: 0.9994457530829984
19 106  ==> 37 58 91 109 124 127  #SUP: 7213 #CONF: 0.9994457530829984
37 88  ==> 19 58 91 106 109 127  #SUP: 7213 #CONF: 0.9994457530829984
37 88  ==> 19 58 91 109 124 127  #SUP: 7213 #CONF: 0.9994457530829984
19 37  ==> 58 88 91 106 109 127  #SUP: 7213 #CONF: 0.9990304709141274
19 91  ==> 37 58 106 109 124 127  #SUP: 7213 #CONF: 0.9990304709141274
37 91  ==> 19 58 106 109 124 127  #SUP: 7213 #CONF: 0.9990304709141274
88 124  ==> 19 37 58 91 109 127  #SUP: 7213 #CONF: 0.9997227997227998
19 109  ==> 37 58 88 91 124 127  #SUP: 7213 #CONF: 0.9990304709141274
19 109  ==> 37 58 91 106 124 127  #SUP: 7213 #CONF: 0.9990304709141274
37 106  ==> 19 58 91 109 124 127  #SUP: 7213 #CONF: 0.9994457530829984
19 124  ==> 37 58 88 91 109 127  #SUP: 7213 #CONF: 0.9994457530829984
37 124  ==> 19 58 91 106 109 127  #SUP: 7213 #CONF: 0.9994457530829984
19 127  ==> 37 58 88 91 106 109  #SUP: 7213 #CONF: 0.9990304709141274
37 109  ==> 19 58 88 91 106 127  #SUP: 7213 #CONF: 0.9990304709141274
19 88  ==> 37 58 91 109 124 127  #SUP: 7213 #CONF: 0.9994457530829984
19 109  ==> 37 58 88 91 106 127  #SUP: 7213 #CONF: 0.9990304709141274
37 109  ==> 19 58 88 91 124 127  #SUP: 7213 #CONF: 0.9990304709141274
19 106  ==> 37 58 88 91 109 127  #SUP: 7213 #CONF: 0.9994457530829984
19 91  ==> 37 58 88 106 109 127  #SUP: 7213 #CONF: 0.9990304709141274
19 37  ==> 58 91 106 109 124 127  #SUP: 7213 #CONF: 0.9990304709141274
19 124  ==> 37 58 91 106 109 127  #SUP: 7213 #CONF: 0.9994457530829984
37 127  ==> 19 58 88 91 106 109  #SUP: 7213 #CONF: 0.9990304709141274
37 91  ==> 19 58 88 109 124 127  #SUP: 7213 #CONF: 0.9990304709141274
88 124  ==> 55 58 91 109 127  #SUP: 7213 #CONF: 0.9997227997227998
55 109  ==> 58 88 91 124 127  #SUP: 7213 #CONF: 0.999168859952902
37 109  ==> 19 58 91 106 124 127  #SUP: 7213 #CONF: 0.9990304709141274
19 37  ==> 58 88 91 109 124 127  #SUP: 7213 #CONF: 0.9990304709141274
88 106  ==> 19 37 58 91 109 127  #SUP: 7213 #CONF: 0.9997227997227998
19 91  ==> 37 58 88 109 124 127  #SUP: 7213 #CONF: 0.9990304709141274
37 124  ==> 19 58 88 91 109 127  #SUP: 7213 #CONF: 0.9994457530829984
19 88  ==> 37 58 91 106 109 127  #SUP: 7213 #CONF: 0.9994457530829984
37 91  ==> 19 58 88 106 109 127  #SUP: 7213 #CONF: 0.9990304709141274
55 91  ==> 58 88 109 124 127  #SUP: 7213 #CONF: 0.999168859952902
106 124  ==> 55 58 91 109 127  #SUP: 7213 #CONF: 0.9997227997227998
88 106  ==> 55 58 91 109 127  #SUP: 7213 #CONF: 0.9997227997227998
55 109  ==> 58 88 91 106 127  #SUP: 7213 #CONF: 0.999168859952902
55 88  ==> 58 91 106 109 127  #SUP: 7213 #CONF: 0.9995842572062085
55 88  ==> 58 91 109 124 127  #SUP: 7213 #CONF: 0.9995842572062085
55 109  ==> 58 91 106 124 127  #SUP: 7213 #CONF: 0.999168859952902
55 124  ==> 58 88 91 109 127  #SUP: 7213 #CONF: 0.9995842572062085
55 91  ==> 58 88 106 109 127  #SUP: 7213 #CONF: 0.999168859952902
55 127  ==> 58 88 91 106 109  #SUP: 7213 #CONF: 0.999168859952902
55 124  ==> 58 91 106 109 127  #SUP: 7213 #CONF: 0.9995842572062085
127  ==> 55 58 88 91 109 124  #SUP: 7213 #CONF: 0.9988921202049578
19  ==> 37 58 91 106 109 124 127  #SUP: 7213 #CONF: 0.9988921202049578
19  ==> 37 58 88 91 109 124 127  #SUP: 7213 #CONF: 0.9988921202049578
55 91  ==> 58 106 109 124 127  #SUP: 7213 #CONF: 0.999168859952902
55 106  ==> 58 88 91 109 127  #SUP: 7213 #CONF: 0.9995842572062085
55 106  ==> 58 91 109 124 127  #SUP: 7213 #CONF: 0.9995842572062085
127  ==> 19 37 58 88 91 109 124  #SUP: 7213 #CONF: 0.9988921202049578
37  ==> 19 58 88 91 106 109 127  #SUP: 7213 #CONF: 0.9988921202049578
58  ==> 19 37 91 106 109 124 127  #SUP: 7213 #CONF: 0.9987538078094711
37  ==> 19 58 91 106 109 124 127  #SUP: 7213 #CONF: 0.9988921202049578
109  ==> 19 37 58 88 91 124 127  #SUP: 7213 #CONF: 0.9988921202049578
58  ==> 19 37 88 91 106 109 127  #SUP: 7213 #CONF: 0.9987538078094711
127  ==> 19 37 58 91 106 109 124  #SUP: 7213 #CONF: 0.9988921202049578
58  ==> 19 37 88 91 109 124 127  #SUP: 7213 #CONF: 0.9987538078094711
88  ==> 19 37 58 91 109 124 127  #SUP: 7213 #CONF: 0.9993072873372125
91  ==> 19 37 58 106 109 124 127  #SUP: 7213 #CONF: 0.9988921202049578
19  ==> 37 58 88 91 106 109 127  #SUP: 7213 #CONF: 0.9988921202049578
109  ==> 19 37 58 88 91 106 127  #SUP: 7213 #CONF: 0.9988921202049578
106  ==> 19 37 58 91 109 124 127  #SUP: 7213 #CONF: 0.9993072873372125
91  ==> 19 37 58 88 109 124 127  #SUP: 7213 #CONF: 0.9988921202049578
91  ==> 19 37 58 88 106 109 127  #SUP: 7213 #CONF: 0.9988921202049578
109  ==> 19 37 58 91 106 124 127  #SUP: 7213 #CONF: 0.9988921202049578
88  ==> 19 37 58 91 106 109 127  #SUP: 7213 #CONF: 0.9993072873372125
127  ==> 19 37 58 88 91 106 109  #SUP: 7213 #CONF: 0.9988921202049578
124  ==> 19 37 58 91 106 109 127  #SUP: 7213 #CONF: 0.9993072873372125
58  ==> 55 88 91 109 124 127  #SUP: 7213 #CONF: 0.9987538078094711
37  ==> 19 58 88 91 109 124 127  #SUP: 7213 #CONF: 0.9988921202049578
106  ==> 19 37 58 88 91 109 127  #SUP: 7213 #CONF: 0.9993072873372125
109  ==> 55 58 91 106 124 127  #SUP: 7213 #CONF: 0.9988921202049578
124  ==> 19 37 58 88 91 109 127  #SUP: 7213 #CONF: 0.9993072873372125
55  ==> 58 88 91 109 124 127  #SUP: 7213 #CONF: 0.9990304709141274
58  ==> 55 88 91 106 109 127  #SUP: 7213 #CONF: 0.9987538078094711
91  ==> 55 58 88 109 124 127  #SUP: 7213 #CONF: 0.9988921202049578
55  ==> 58 91 106 109 124 127  #SUP: 7213 #CONF: 0.9990304709141274
58  ==> 55 91 106 109 124 127  #SUP: 7213 #CONF: 0.9987538078094711
55  ==> 58 88 91 106 109 127  #SUP: 7213 #CONF: 0.9990304709141274
106  ==> 55 58 91 109 124 127  #SUP: 7213 #CONF: 0.9993072873372125
127  ==> 55 58 88 91 106 109  #SUP: 7213 #CONF: 0.9988921202049578
91  ==> 55 58 106 109 124 127  #SUP: 7213 #CONF: 0.9988921202049578
106  ==> 55 58 88 91 109 127  #SUP: 7213 #CONF: 0.9993072873372125
127  ==> 55 58 91 106 109 124  #SUP: 7213 #CONF: 0.9988921202049578
88  ==> 55 58 91 109 124 127  #SUP: 7213 #CONF: 0.9993072873372125
91  ==> 55 58 88 106 109 127  #SUP: 7213 #CONF: 0.9988921202049578
88  ==> 55 58 91 106 109 127  #SUP: 7213 #CONF: 0.9993072873372125
124  ==> 55 58 88 91 109 127  #SUP: 7213 #CONF: 0.9993072873372125
109  ==> 55 58 88 91 106 127  #SUP: 7213 #CONF: 0.9988921202049578
109  ==> 55 58 88 91 124 127  #SUP: 7213 #CONF: 0.9988921202049578
124  ==> 55 58 91 106 109 127  #SUP: 7213 #CONF: 0.9993072873372125
