88  ==> 58 91 109 127  #SUP: 7218 #CONF: 1.0
55  ==> 58  #SUP: 7220 #CONF: 1.0
19  ==> 58  #SUP: 7221 #CONF: 1.0
109  ==> 58 91 127  #SUP: 7221 #CONF: 1.0
91  ==> 58 109 127  #SUP: 7221 #CONF: 1.0
127  ==> 58 91 109  #SUP: 7221 #CONF: 1.0
37  ==> 58  #SUP: 7221 #CONF: 1.0
37 127  ==> 58 91 109  #SUP: 7220 #CONF: 1.0
19 91  ==> 58 109 127  #SUP: 7220 #CONF: 1.0
37 109  ==> 58 91 127  #SUP: 7220 #CONF: 1.0
19 127  ==> 58 91 109  #SUP: 7220 #CONF: 1.0
19 109  ==> 58 91 127  #SUP: 7220 #CONF: 1.0
37 91  ==> 58 109 127  #SUP: 7220 #CONF: 1.0
19 37  ==> 58  #SUP: 7220 #CONF: 1.0
19 55  ==> 58  #SUP: 7219 #CONF: 1.0
55 109  ==> 58 91 127  #SUP: 7219 #CONF: 1.0
19 37 109  ==> 58 91 127  #SUP: 7219 #CONF: 1.0
19 37 91  ==> 58 109 127  #SUP: 7219 #CONF: 1.0
19 37 127  ==> 58 91 109  #SUP: 7219 #CONF: 1.0
55 127  ==> 58 91 109  #SUP: 7219 #CONF: 1.0
55 91  ==> 58 109 127  #SUP: 7219 #CONF: 1.0
37 55  ==> 58  #SUP: 7219 #CONF: 1.0
19 37 55  ==> 58  #SUP: 7218 #CONF: 1.0
37 55 91  ==> 58 109 127  #SUP: 7218 #CONF: 1.0
19 55 109  ==> 58 91 127  #SUP: 7218 #CONF: 1.0
19 55 127  ==> 58 91 109  #SUP: 7218 #CONF: 1.0
37 55 109  ==> 58 91 127  #SUP: 7218 #CONF: 1.0
37 55 127  ==> 58 91 109  #SUP: 7218 #CONF: 1.0
19 55 91  ==> 58 109 127  #SUP: 7218 #CONF: 1.0
106  ==> 58 91 109 127  #SUP: 7218 #CONF: 1.0
124  ==> 58 91 109 127  #SUP: 7218 #CONF: 1.0
19 124  ==> 58 91 109 127  #SUP: 7217 #CONF: 1.0
37 124  ==> 58 91 109 127  #SUP: 7217 #CONF: 1.0
19 37 55 109  ==> 58 91 127  #SUP: 7217 #CONF: 1.0
19 37 55 91  ==> 58 109 127  #SUP: 7217 #CONF: 1.0
19 37 55 127  ==> 58 91 109  #SUP: 7217 #CONF: 1.0
19 106  ==> 58 91 109 127  #SUP: 7217 #CONF: 1.0
37 106  ==> 58 91 109 127  #SUP: 7217 #CONF: 1.0
19 88  ==> 58 91 109 127  #SUP: 7217 #CONF: 1.0
37 88  ==> 58 91 109 127  #SUP: 7217 #CONF: 1.0
55 106  ==> 58 91 109 127  #SUP: 7216 #CONF: 1.0
19 37 88  ==> 58 91 109 127  #SUP: 7216 #CONF: 1.0
19 37 124  ==> 58 91 109 127  #SUP: 7216 #CONF: 1.0
19 37 106  ==> 58 91 109 127  #SUP: 7216 #CONF: 1.0
55 88  ==> 58 91 109 127  #SUP: 7216 #CONF: 1.0
55 124  ==> 58 91 109 127  #SUP: 7216 #CONF: 1.0
37 55 124  ==> 58 91 109 127  #SUP: 7215 #CONF: 1.0
19 55 106  ==> 58 91 109 127  #SUP: 7215 #CONF: 1.0
37 55 106  ==> 58 91 109 127  #SUP: 7215 #CONF: 1.0
19 55 124  ==> 58 91 109 127  #SUP: 7215 #CONF: 1.0
37 55 88  ==> 58 91 109 127  #SUP: 7215 #CONF: 1.0
19 55 88  ==> 58 91 109 127  #SUP: 7215 #CONF: 1.0
106 124  ==> 58 91 109 127  #SUP: 7215 #CONF: 1.0
88 106  ==> 58 91 109 127  #SUP: 7215 #CONF: 1.0
88 124  ==> 58 91 109 127  #SUP: 7215 #CONF: 1.0
