37 109  ==> 19 58 88 91 124 127  #SUP: 7213 #CONF: 0.9990304709141274
106 124  ==> 58 91 109 127  #SUP: 7215 #CONF: 1.0
19 37 109  ==> 58 91 124 127  #SUP: 7216 #CONF: 0.999584429976451
37  ==> 19 55 58  #SUP: 7218 #CONF: 0.9995845450768591
55  ==> 37 58  #SUP: 7219 #CONF: 0.9998614958448754
58  ==> 19 37  #SUP: 7220 #CONF: 0.9997230684021047
37 91  ==> 58 109 127  #SUP: 7220 #CONF: 1.0
58  ==> 37  #SUP: 7221 #CONF: 0.9998615342010524
91  ==> 58 109 127  #SUP: 7221 #CONF: 1.0
109  ==> 58 91 127  #SUP: 7221 #CONF: 1.0
127  ==> 58 91 109  #SUP: 7221 #CONF: 1.0
58  ==> 91 109 127  #SUP: 7221 #CONF: 0.9998615342010524
37  ==> 58  #SUP: 7221 #CONF: 1.0
58  ==> 19  #SUP: 7221 #CONF: 0.9998615342010524
19  ==> 58  #SUP: 7221 #CONF: 1.0
19 127  ==> 58 91 109  #SUP: 7220 #CONF: 1.0
19 91  ==> 58 109 127  #SUP: 7220 #CONF: 1.0
37 127  ==> 58 91 109  #SUP: 7220 #CONF: 1.0
58  ==> 19 91 109 127  #SUP: 7220 #CONF: 0.9997230684021047
19 37  ==> 58  #SUP: 7220 #CONF: 1.0
19 109  ==> 58 91 127  #SUP: 7220 #CONF: 1.0
37 109  ==> 58 91 127  #SUP: 7220 #CONF: 1.0
19  ==> 58 91 109 127  #SUP: 7220 #CONF: 0.9998615150256197
127  ==> 19 58 91 109  #SUP: 7220 #CONF: 0.9998615150256197
58  ==> 37 91 109 127  #SUP: 7220 #CONF: 0.9997230684021047
109  ==> 19 58 91 127  #SUP: 7220 #CONF: 0.9998615150256197
91  ==> 19 58 109 127  #SUP: 7220 #CONF: 0.9998615150256197
91  ==> 37 58 109 127  #SUP: 7220 #CONF: 0.9998615150256197
127  ==> 37 58 91 109  #SUP: 7220 #CONF: 0.9998615150256197
37  ==> 58 91 109 127  #SUP: 7220 #CONF: 0.9998615150256197
37  ==> 19 58  #SUP: 7220 #CONF: 0.9998615150256197
109  ==> 37 58 91 127  #SUP: 7220 #CONF: 0.9998615150256197
19  ==> 37 58  #SUP: 7220 #CONF: 0.9998615150256197
37 109  ==> 19 58 91 127  #SUP: 7219 #CONF: 0.9998614958448754
19 37 109  ==> 58 91 127  #SUP: 7219 #CONF: 1.0
19 37 127  ==> 58 91 109  #SUP: 7219 #CONF: 1.0
58  ==> 55  #SUP: 7220 #CONF: 0.9997230684021047
55  ==> 58  #SUP: 7220 #CONF: 1.0
19 37 91  ==> 58 109 127  #SUP: 7219 #CONF: 1.0
19 91  ==> 37 58 109 127  #SUP: 7219 #CONF: 0.9998614958448754
19 127  ==> 37 58 91 109  #SUP: 7219 #CONF: 0.9998614958448754
37 127  ==> 19 58 91 109  #SUP: 7219 #CONF: 0.9998614958448754
19 37  ==> 58 91 109 127  #SUP: 7219 #CONF: 0.9998614958448754
19 109  ==> 37 58 91 127  #SUP: 7219 #CONF: 0.9998614958448754
58  ==> 19 37 91 109 127  #SUP: 7219 #CONF: 0.9995846026031571
37 55  ==> 58  #SUP: 7219 #CONF: 1.0
55 91  ==> 58 109 127  #SUP: 7219 #CONF: 1.0
37 91  ==> 19 58 109 127  #SUP: 7219 #CONF: 0.9998614958448754
55 109  ==> 58 91 127  #SUP: 7219 #CONF: 1.0
55 127  ==> 58 91 109  #SUP: 7219 #CONF: 1.0
19 55  ==> 58  #SUP: 7219 #CONF: 1.0
19  ==> 37 58 91 109 127  #SUP: 7219 #CONF: 0.9997230300512394
37  ==> 19 58 91 109 127  #SUP: 7219 #CONF: 0.9997230300512394
91  ==> 19 37 58 109 127  #SUP: 7219 #CONF: 0.9997230300512394
127  ==> 19 37 58 91 109  #SUP: 7219 #CONF: 0.9997230300512394
109  ==> 19 37 58 91 127  #SUP: 7219 #CONF: 0.9997230300512394
37  ==> 55 58  #SUP: 7219 #CONF: 0.9997230300512394
58  ==> 55 91 109 127  #SUP: 7219 #CONF: 0.9995846026031571
55  ==> 58 91 109 127  #SUP: 7219 #CONF: 0.9998614958448754
91  ==> 55 58 109 127  #SUP: 7219 #CONF: 0.9997230300512394
109  ==> 55 58 91 127  #SUP: 7219 #CONF: 0.9997230300512394
127  ==> 55 58 91 109  #SUP: 7219 #CONF: 0.9997230300512394
58  ==> 19 55  #SUP: 7219 #CONF: 0.9995846026031571
19  ==> 55 58  #SUP: 7219 #CONF: 0.9997230300512394
55  ==> 19 58  #SUP: 7219 #CONF: 0.9998614958448754
58  ==> 37 55  #SUP: 7219 #CONF: 0.9995846026031571
55 127  ==> 37 58 91 109  #SUP: 7218 #CONF: 0.999861476658817
19 91  ==> 55 58 109 127  #SUP: 7218 #CONF: 0.9997229916897507
37 55 91  ==> 58 109 127  #SUP: 7218 #CONF: 1.0
19 55 91  ==> 58 109 127  #SUP: 7218 #CONF: 1.0
37 55 109  ==> 58 91 127  #SUP: 7218 #CONF: 1.0
19 55 109  ==> 58 91 127  #SUP: 7218 #CONF: 1.0
19 55 127  ==> 58 91 109  #SUP: 7218 #CONF: 1.0
37 55 127  ==> 58 91 109  #SUP: 7218 #CONF: 1.0
19 37 55  ==> 58  #SUP: 7218 #CONF: 1.0
37 91  ==> 55 58 109 127  #SUP: 7218 #CONF: 0.9997229916897507
55 91  ==> 37 58 109 127  #SUP: 7218 #CONF: 0.999861476658817
37 109  ==> 55 58 91 127  #SUP: 7218 #CONF: 0.9997229916897507
19 109  ==> 55 58 91 127  #SUP: 7218 #CONF: 0.9997229916897507
37 55  ==> 58 91 109 127  #SUP: 7218 #CONF: 0.999861476658817
37 127  ==> 55 58 91 109  #SUP: 7218 #CONF: 0.9997229916897507
19 127  ==> 55 58 91 109  #SUP: 7218 #CONF: 0.9997229916897507
55 91  ==> 19 58 109 127  #SUP: 7218 #CONF: 0.999861476658817
55  ==> 37 58 91 109 127  #SUP: 7218 #CONF: 0.9997229916897507
19 55  ==> 58 91 109 127  #SUP: 7218 #CONF: 0.999861476658817
55 109  ==> 37 58 91 127  #SUP: 7218 #CONF: 0.999861476658817
55 109  ==> 19 58 91 127  #SUP: 7218 #CONF: 0.999861476658817
55 127  ==> 19 58 91 109  #SUP: 7218 #CONF: 0.999861476658817
19 37  ==> 55 58  #SUP: 7218 #CONF: 0.9997229916897507
37 55  ==> 19 58  #SUP: 7218 #CONF: 0.999861476658817
19 55  ==> 37 58  #SUP: 7218 #CONF: 0.999861476658817
37  ==> 55 58 91 109 127  #SUP: 7218 #CONF: 0.9995845450768591
55  ==> 19 58 91 109 127  #SUP: 7218 #CONF: 0.9997229916897507
127  ==> 19 55 58 91 109  #SUP: 7218 #CONF: 0.9995845450768591
19  ==> 55 58 91 109 127  #SUP: 7218 #CONF: 0.9995845450768591
58  ==> 19 55 91 109 127  #SUP: 7218 #CONF: 0.9994461368042094
127  ==> 58 91 106 109  #SUP: 7218 #CONF: 0.9995845450768591
109  ==> 58 91 106 127  #SUP: 7218 #CONF: 0.9995845450768591
109  ==> 37 55 58 91 127  #SUP: 7218 #CONF: 0.9995845450768591
58  ==> 37 55 91 109 127  #SUP: 7218 #CONF: 0.9994461368042094
109  ==> 19 55 58 91 127  #SUP: 7218 #CONF: 0.9995845450768591
91  ==> 19 55 58 109 127  #SUP: 7218 #CONF: 0.9995845450768591
127  ==> 37 55 58 91 109  #SUP: 7218 #CONF: 0.9995845450768591
91  ==> 37 55 58 109 127  #SUP: 7218 #CONF: 0.9995845450768591
91  ==> 58 88 109 127  #SUP: 7218 #CONF: 0.9995845450768591
88  ==> 58 91 109 127  #SUP: 7218 #CONF: 1.0
58  ==> 88 91 109 127  #SUP: 7218 #CONF: 0.9994461368042094
109  ==> 58 88 91 127  #SUP: 7218 #CONF: 0.9995845450768591
127  ==> 58 88 91 109  #SUP: 7218 #CONF: 0.9995845450768591
106  ==> 58 91 109 127  #SUP: 7218 #CONF: 1.0
124  ==> 58 91 109 127  #SUP: 7218 #CONF: 1.0
127  ==> 58 91 109 124  #SUP: 7218 #CONF: 0.9995845450768591
91  ==> 58 109 124 127  #SUP: 7218 #CONF: 0.9995845450768591
58  ==> 91 109 124 127  #SUP: 7218 #CONF: 0.9994461368042094
19  ==> 37 55 58  #SUP: 7218 #CONF: 0.9995845450768591
109  ==> 58 91 124 127  #SUP: 7218 #CONF: 0.9995845450768591
58  ==> 91 106 109 127  #SUP: 7218 #CONF: 0.9994461368042094
91  ==> 58 106 109 127  #SUP: 7218 #CONF: 0.9995845450768591
58  ==> 19 37 55  #SUP: 7218 #CONF: 0.9994461368042094
55  ==> 19 37 58  #SUP: 7218 #CONF: 0.9997229916897507
37 127  ==> 58 91 109 124  #SUP: 7217 #CONF: 0.999584487534626
19 127  ==> 58 91 109 124  #SUP: 7217 #CONF: 0.999584487534626
19 37 109  ==> 55 58 91 127  #SUP: 7217 #CONF: 0.999722953317634
19 55 109  ==> 37 58 91 127  #SUP: 7217 #CONF: 0.9998614574674425
19 37 55 109  ==> 58 91 127  #SUP: 7217 #CONF: 1.0
19 37 55 91  ==> 58 109 127  #SUP: 7217 #CONF: 1.0
19 37 55 127  ==> 58 91 109  #SUP: 7217 #CONF: 1.0
19 37 127  ==> 55 58 91 109  #SUP: 7217 #CONF: 0.999722953317634
19 55 127  ==> 37 58 91 109  #SUP: 7217 #CONF: 0.9998614574674425
19 55 91  ==> 37 58 109 127  #SUP: 7217 #CONF: 0.9998614574674425
19 37 55  ==> 58 91 109 127  #SUP: 7217 #CONF: 0.9998614574674425
19 37 91  ==> 55 58 109 127  #SUP: 7217 #CONF: 0.999722953317634
37 55 109  ==> 19 58 91 127  #SUP: 7217 #CONF: 0.9998614574674425
37 55 127  ==> 19 58 91 109  #SUP: 7217 #CONF: 0.9998614574674425
37 55 91  ==> 19 58 109 127  #SUP: 7217 #CONF: 0.9998614574674425
19 37  ==> 55 58 91 109 127  #SUP: 7217 #CONF: 0.999584487534626
55 109  ==> 19 37 58 91 127  #SUP: 7217 #CONF: 0.999722953317634
55 127  ==> 19 37 58 91 109  #SUP: 7217 #CONF: 0.999722953317634
19 109  ==> 37 55 58 91 127  #SUP: 7217 #CONF: 0.999584487534626
37 55  ==> 19 58 91 109 127  #SUP: 7217 #CONF: 0.999722953317634
19 91  ==> 37 55 58 109 127  #SUP: 7217 #CONF: 0.999584487534626
37 109  ==> 19 55 58 91 127  #SUP: 7217 #CONF: 0.999584487534626
19 127  ==> 37 55 58 91 109  #SUP: 7217 #CONF: 0.999584487534626
55 91  ==> 19 37 58 109 127  #SUP: 7217 #CONF: 0.999722953317634
37 127  ==> 19 55 58 91 109  #SUP: 7217 #CONF: 0.999584487534626
19 55  ==> 37 58 91 109 127  #SUP: 7217 #CONF: 0.999722953317634
37 91  ==> 19 55 58 109 127  #SUP: 7217 #CONF: 0.999584487534626
19 109  ==> 58 91 106 127  #SUP: 7217 #CONF: 0.999584487534626
19 91  ==> 58 106 109 127  #SUP: 7217 #CONF: 0.999584487534626
19 88  ==> 58 91 109 127  #SUP: 7217 #CONF: 1.0
19 91  ==> 58 88 109 127  #SUP: 7217 #CONF: 0.999584487534626
19 109  ==> 58 91 124 127  #SUP: 7217 #CONF: 0.999584487534626
19 127  ==> 58 91 106 109  #SUP: 7217 #CONF: 0.999584487534626
37 109  ==> 58 91 124 127  #SUP: 7217 #CONF: 0.999584487534626
37 109  ==> 58 91 106 127  #SUP: 7217 #CONF: 0.999584487534626
19 127  ==> 58 88 91 109  #SUP: 7217 #CONF: 0.999584487534626
37 91  ==> 58 88 109 127  #SUP: 7217 #CONF: 0.999584487534626
37 124  ==> 58 91 109 127  #SUP: 7217 #CONF: 1.0
37 127  ==> 58 88 91 109  #SUP: 7217 #CONF: 0.999584487534626
19 91  ==> 58 109 124 127  #SUP: 7217 #CONF: 0.999584487534626
37 91  ==> 58 109 124 127  #SUP: 7217 #CONF: 0.999584487534626
37 127  ==> 58 91 106 109  #SUP: 7217 #CONF: 0.999584487534626
19 106  ==> 58 91 109 127  #SUP: 7217 #CONF: 1.0
37 106  ==> 58 91 109 127  #SUP: 7217 #CONF: 1.0
37 88  ==> 58 91 109 127  #SUP: 7217 #CONF: 1.0
19 124  ==> 58 91 109 127  #SUP: 7217 #CONF: 1.0
127  ==> 19 58 91 109 124  #SUP: 7217 #CONF: 0.9994460601024788
127  ==> 19 58 91 106 109  #SUP: 7217 #CONF: 0.9994460601024788
19  ==> 37 55 58 91 109 127  #SUP: 7217 #CONF: 0.9994460601024788
109  ==> 19 37 55 58 91 127  #SUP: 7217 #CONF: 0.9994460601024788
37 91  ==> 58 106 109 127  #SUP: 7217 #CONF: 0.999584487534626
37 109  ==> 58 88 91 127  #SUP: 7217 #CONF: 0.999584487534626
19 109  ==> 58 88 91 127  #SUP: 7217 #CONF: 0.999584487534626
55  ==> 19 37 58 91 109 127  #SUP: 7217 #CONF: 0.999584487534626
58  ==> 19 37 55 91 109 127  #SUP: 7217 #CONF: 0.9993076710052617
91  ==> 19 37 55 58 109 127  #SUP: 7217 #CONF: 0.9994460601024788
127  ==> 19 37 55 58 91 109  #SUP: 7217 #CONF: 0.9994460601024788
127  ==> 37 58 91 106 109  #SUP: 7217 #CONF: 0.9994460601024788
37  ==> 19 55 58 91 109 127  #SUP: 7217 #CONF: 0.9994460601024788
109  ==> 37 58 91 106 127  #SUP: 7217 #CONF: 0.9994460601024788
58  ==> 19 88 91 109 127  #SUP: 7217 #CONF: 0.9993076710052617
58  ==> 19 91 106 109 127  #SUP: 7217 #CONF: 0.9993076710052617
109  ==> 37 58 91 124 127  #SUP: 7217 #CONF: 0.9994460601024788
58  ==> 37 91 109 124 127  #SUP: 7217 #CONF: 0.9993076710052617
58  ==> 37 91 106 109 127  #SUP: 7217 #CONF: 0.9993076710052617
58  ==> 37 88 91 109 127  #SUP: 7217 #CONF: 0.9993076710052617
127  ==> 37 58 91 109 124  #SUP: 7217 #CONF: 0.9994460601024788
106  ==> 19 58 91 109 127  #SUP: 7217 #CONF: 0.9998614574674425
91  ==> 19 58 106 109 127  #SUP: 7217 #CONF: 0.9994460601024788
109  ==> 37 58 88 91 127  #SUP: 7217 #CONF: 0.9994460601024788
127  ==> 37 58 88 91 109  #SUP: 7217 #CONF: 0.9994460601024788
91  ==> 37 58 88 109 127  #SUP: 7217 #CONF: 0.9994460601024788
127  ==> 19 58 88 91 109  #SUP: 7217 #CONF: 0.9994460601024788
91  ==> 19 58 109 124 127  #SUP: 7217 #CONF: 0.9994460601024788
58  ==> 19 91 109 124 127  #SUP: 7217 #CONF: 0.9993076710052617
109  ==> 19 58 91 106 127  #SUP: 7217 #CONF: 0.9994460601024788
19  ==> 58 91 106 109 127  #SUP: 7217 #CONF: 0.9994460601024788
109  ==> 19 58 88 91 127  #SUP: 7217 #CONF: 0.9994460601024788
37  ==> 58 88 91 109 127  #SUP: 7217 #CONF: 0.9994460601024788
109  ==> 19 58 91 124 127  #SUP: 7217 #CONF: 0.9994460601024788
124  ==> 19 58 91 109 127  #SUP: 7217 #CONF: 0.9998614574674425
88  ==> 19 58 91 109 127  #SUP: 7217 #CONF: 0.9998614574674425
19  ==> 58 91 109 124 127  #SUP: 7217 #CONF: 0.9994460601024788
37  ==> 58 91 106 109 127  #SUP: 7217 #CONF: 0.9994460601024788
37  ==> 58 91 109 124 127  #SUP: 7217 #CONF: 0.9994460601024788
19  ==> 58 88 91 109 127  #SUP: 7217 #CONF: 0.9994460601024788
91  ==> 37 58 109 124 127  #SUP: 7217 #CONF: 0.9994460601024788
88  ==> 37 58 91 109 127  #SUP: 7217 #CONF: 0.9998614574674425
19 37 127  ==> 58 91 109 124  #SUP: 7216 #CONF: 0.999584429976451
91  ==> 19 58 88 109 127  #SUP: 7217 #CONF: 0.9994460601024788
91  ==> 37 58 106 109 127  #SUP: 7217 #CONF: 0.9994460601024788
124  ==> 37 58 91 109 127  #SUP: 7217 #CONF: 0.9998614574674425
106  ==> 37 58 91 109 127  #SUP: 7217 #CONF: 0.9998614574674425
19 37 109  ==> 58 88 91 127  #SUP: 7216 #CONF: 0.999584429976451
19 37 88  ==> 58 91 109 127  #SUP: 7216 #CONF: 1.0
19 37 91  ==> 58 106 109 127  #SUP: 7216 #CONF: 0.999584429976451
19 37 127  ==> 58 91 106 109  #SUP: 7216 #CONF: 0.999584429976451
19 37 109  ==> 58 91 106 127  #SUP: 7216 #CONF: 0.999584429976451
19 37 91  ==> 58 88 109 127  #SUP: 7216 #CONF: 0.999584429976451
19 37 124  ==> 58 91 109 127  #SUP: 7216 #CONF: 1.0
19 37 106  ==> 58 91 109 127  #SUP: 7216 #CONF: 1.0
19 37 127  ==> 58 88 91 109  #SUP: 7216 #CONF: 0.999584429976451
19 37 91  ==> 58 109 124 127  #SUP: 7216 #CONF: 0.999584429976451
37 55 127  ==> 58 88 91 109  #SUP: 7215 #CONF: 0.9995843724023276
127  ==> 55 58 91 109 124  #SUP: 7216 #CONF: 0.9993075751280986
55 127  ==> 58 91 109 124  #SUP: 7216 #CONF: 0.999584429976451
19 127  ==> 37 58 88 91 109  #SUP: 7216 #CONF: 0.9994459833795014
19 109  ==> 37 58 91 106 127  #SUP: 7216 #CONF: 0.9994459833795014
37 106  ==> 19 58 91 109 127  #SUP: 7216 #CONF: 0.9998614382707496
19 109  ==> 37 58 91 124 127  #SUP: 7216 #CONF: 0.9994459833795014
19 109  ==> 37 58 88 91 127  #SUP: 7216 #CONF: 0.9994459833795014
37 109  ==> 19 58 88 91 127  #SUP: 7216 #CONF: 0.9994459833795014
19 91  ==> 37 58 106 109 127  #SUP: 7216 #CONF: 0.9994459833795014
19 127  ==> 37 58 91 106 109  #SUP: 7216 #CONF: 0.9994459833795014
37 127  ==> 19 58 91 109 124  #SUP: 7216 #CONF: 0.9994459833795014
37 109  ==> 19 58 91 106 127  #SUP: 7216 #CONF: 0.9994459833795014
19 91  ==> 37 58 109 124 127  #SUP: 7216 #CONF: 0.9994459833795014
37 88  ==> 19 58 91 109 127  #SUP: 7216 #CONF: 0.9998614382707496
37 127  ==> 19 58 91 106 109  #SUP: 7216 #CONF: 0.9994459833795014
37 124  ==> 19 58 91 109 127  #SUP: 7216 #CONF: 0.9998614382707496
37 91  ==> 19 58 109 124 127  #SUP: 7216 #CONF: 0.9994459833795014
37 91  ==> 19 58 88 109 127  #SUP: 7216 #CONF: 0.9994459833795014
19 88  ==> 37 58 91 109 127  #SUP: 7216 #CONF: 0.9998614382707496
19 106  ==> 37 58 91 109 127  #SUP: 7216 #CONF: 0.9998614382707496
37 91  ==> 19 58 106 109 127  #SUP: 7216 #CONF: 0.9994459833795014
19 37  ==> 58 88 91 109 127  #SUP: 7216 #CONF: 0.9994459833795014
37 109  ==> 19 58 91 124 127  #SUP: 7216 #CONF: 0.9994459833795014
19 127  ==> 37 58 91 109 124  #SUP: 7216 #CONF: 0.9994459833795014
19 37  ==> 58 91 106 109 127  #SUP: 7216 #CONF: 0.9994459833795014
19 124  ==> 37 58 91 109 127  #SUP: 7216 #CONF: 0.9998614382707496
19 37  ==> 58 91 109 124 127  #SUP: 7216 #CONF: 0.9994459833795014
55 91  ==> 58 109 124 127  #SUP: 7216 #CONF: 0.999584429976451
55 91  ==> 58 106 109 127  #SUP: 7216 #CONF: 0.999584429976451
37 127  ==> 19 58 88 91 109  #SUP: 7216 #CONF: 0.9994459833795014
19 91  ==> 37 58 88 109 127  #SUP: 7216 #CONF: 0.9994459833795014
55 106  ==> 58 91 109 127  #SUP: 7216 #CONF: 1.0
55 127  ==> 58 88 91 109  #SUP: 7216 #CONF: 0.999584429976451
55 91  ==> 58 88 109 127  #SUP: 7216 #CONF: 0.999584429976451
55 124  ==> 58 91 109 127  #SUP: 7216 #CONF: 1.0
55 109  ==> 58 91 124 127  #SUP: 7216 #CONF: 0.999584429976451
55 88  ==> 58 91 109 127  #SUP: 7216 #CONF: 1.0
55 109  ==> 58 88 91 127  #SUP: 7216 #CONF: 0.999584429976451
55 127  ==> 58 91 106 109  #SUP: 7216 #CONF: 0.999584429976451
55 109  ==> 58 91 106 127  #SUP: 7216 #CONF: 0.999584429976451
91  ==> 19 37 58 109 124 127  #SUP: 7216 #CONF: 0.9993075751280986
58  ==> 19 37 91 106 109 127  #SUP: 7216 #CONF: 0.999169205206314
109  ==> 19 37 58 91 124 127  #SUP: 7216 #CONF: 0.9993075751280986
88  ==> 19 37 58 91 109 127  #SUP: 7216 #CONF: 0.999722914934885
109  ==> 19 37 58 88 91 127  #SUP: 7216 #CONF: 0.9993075751280986
19  ==> 37 58 91 109 124 127  #SUP: 7216 #CONF: 0.9993075751280986
58  ==> 19 37 88 91 109 127  #SUP: 7216 #CONF: 0.999169205206314
127  ==> 19 37 58 88 91 109  #SUP: 7216 #CONF: 0.9993075751280986
37  ==> 19 58 91 109 124 127  #SUP: 7216 #CONF: 0.9993075751280986
127  ==> 19 37 58 91 109 124  #SUP: 7216 #CONF: 0.9993075751280986
19  ==> 37 58 88 91 109 127  #SUP: 7216 #CONF: 0.9993075751280986
91  ==> 19 37 58 106 109 127  #SUP: 7216 #CONF: 0.9993075751280986
124  ==> 19 37 58 91 109 127  #SUP: 7216 #CONF: 0.999722914934885
109  ==> 19 37 58 91 106 127  #SUP: 7216 #CONF: 0.9993075751280986
127  ==> 19 37 58 91 106 109  #SUP: 7216 #CONF: 0.9993075751280986
37  ==> 19 58 91 106 109 127  #SUP: 7216 #CONF: 0.9993075751280986
91  ==> 19 37 58 88 109 127  #SUP: 7216 #CONF: 0.9993075751280986
106  ==> 19 37 58 91 109 127  #SUP: 7216 #CONF: 0.999722914934885
19  ==> 37 58 91 106 109 127  #SUP: 7216 #CONF: 0.9993075751280986
37  ==> 19 58 88 91 109 127  #SUP: 7216 #CONF: 0.9993075751280986
109  ==> 55 58 91 106 127  #SUP: 7216 #CONF: 0.9993075751280986
58  ==> 19 37 91 109 124 127  #SUP: 7216 #CONF: 0.999169205206314
91  ==> 55 58 106 109 127  #SUP: 7216 #CONF: 0.9993075751280986
124  ==> 55 58 91 109 127  #SUP: 7216 #CONF: 0.999722914934885
106  ==> 55 58 91 109 127  #SUP: 7216 #CONF: 0.999722914934885
127  ==> 55 58 91 106 109  #SUP: 7216 #CONF: 0.9993075751280986
37 55 127  ==> 58 91 109 124  #SUP: 7215 #CONF: 0.9995843724023276
55  ==> 58 91 106 109 127  #SUP: 7216 #CONF: 0.9994459833795014
91  ==> 55 58 88 109 127  #SUP: 7216 #CONF: 0.9993075751280986
58  ==> 55 91 109 124 127  #SUP: 7216 #CONF: 0.999169205206314
55  ==> 58 91 109 124 127  #SUP: 7216 #CONF: 0.9994459833795014
91  ==> 55 58 109 124 127  #SUP: 7216 #CONF: 0.9993075751280986
55  ==> 58 88 91 109 127  #SUP: 7216 #CONF: 0.9994459833795014
109  ==> 55 58 88 91 127  #SUP: 7216 #CONF: 0.9993075751280986
58  ==> 55 88 91 109 127  #SUP: 7216 #CONF: 0.999169205206314
127  ==> 55 58 88 91 109  #SUP: 7216 #CONF: 0.9993075751280986
58  ==> 55 91 106 109 127  #SUP: 7216 #CONF: 0.999169205206314
88  ==> 55 58 91 109 127  #SUP: 7216 #CONF: 0.999722914934885
109  ==> 55 58 91 124 127  #SUP: 7216 #CONF: 0.9993075751280986
19 55 127  ==> 58 88 91 109  #SUP: 7215 #CONF: 0.9995843724023276
19 55 127  ==> 58 91 109 124  #SUP: 7215 #CONF: 0.9995843724023276
19 55 91  ==> 58 88 109 127  #SUP: 7215 #CONF: 0.9995843724023276
37 55 109  ==> 58 88 91 127  #SUP: 7215 #CONF: 0.9995843724023276
19 55 109  ==> 58 88 91 127  #SUP: 7215 #CONF: 0.9995843724023276
19 55 109  ==> 58 91 106 127  #SUP: 7215 #CONF: 0.9995843724023276
19 55 109  ==> 58 91 124 127  #SUP: 7215 #CONF: 0.9995843724023276
19 55 91  ==> 58 109 124 127  #SUP: 7215 #CONF: 0.9995843724023276
37 55 109  ==> 58 91 106 127  #SUP: 7215 #CONF: 0.9995843724023276
19 55 91  ==> 58 106 109 127  #SUP: 7215 #CONF: 0.9995843724023276
37 55 127  ==> 58 91 106 109  #SUP: 7215 #CONF: 0.9995843724023276
37 55 124  ==> 58 91 109 127  #SUP: 7215 #CONF: 1.0
37 55 88  ==> 58 91 109 127  #SUP: 7215 #CONF: 1.0
19 127  ==> 55 58 91 106 109  #SUP: 7215 #CONF: 0.9993074792243767
37 55 91  ==> 58 88 109 127  #SUP: 7215 #CONF: 0.9995843724023276
37 55 91  ==> 58 106 109 127  #SUP: 7215 #CONF: 0.9995843724023276
19 55 127  ==> 58 91 106 109  #SUP: 7215 #CONF: 0.9995843724023276
19 55 124  ==> 58 91 109 127  #SUP: 7215 #CONF: 1.0
19 55 88  ==> 58 91 109 127  #SUP: 7215 #CONF: 1.0
37 55 106  ==> 58 91 109 127  #SUP: 7215 #CONF: 1.0
19 55 106  ==> 58 91 109 127  #SUP: 7215 #CONF: 1.0
37 55 109  ==> 58 91 124 127  #SUP: 7215 #CONF: 0.9995843724023276
37 55 91  ==> 58 109 124 127  #SUP: 7215 #CONF: 0.9995843724023276
19 55  ==> 58 88 91 109 127  #SUP: 7215 #CONF: 0.999445906635268
55 91  ==> 37 58 109 124 127  #SUP: 7215 #CONF: 0.999445906635268
55 109  ==> 19 58 91 106 127  #SUP: 7215 #CONF: 0.999445906635268
55 127  ==> 19 58 91 106 109  #SUP: 7215 #CONF: 0.999445906635268
55 88  ==> 37 58 91 109 127  #SUP: 7215 #CONF: 0.9998614190687362
55 91  ==> 19 58 109 124 127  #SUP: 7215 #CONF: 0.999445906635268
19 91  ==> 55 58 106 109 127  #SUP: 7215 #CONF: 0.9993074792243767
37 91  ==> 55 58 88 109 127  #SUP: 7215 #CONF: 0.9993074792243767
55 106  ==> 19 58 91 109 127  #SUP: 7215 #CONF: 0.9998614190687362
55 127  ==> 37 58 91 109 124  #SUP: 7215 #CONF: 0.999445906635268
55 91  ==> 19 58 106 109 127  #SUP: 7215 #CONF: 0.999445906635268
55 109  ==> 19 58 88 91 127  #SUP: 7215 #CONF: 0.999445906635268
55 127  ==> 37 58 91 106 109  #SUP: 7215 #CONF: 0.999445906635268
19 127  ==> 55 58 88 91 109  #SUP: 7215 #CONF: 0.9993074792243767
37 88  ==> 55 58 91 109 127  #SUP: 7215 #CONF: 0.9997228765414993
55 88  ==> 19 58 91 109 127  #SUP: 7215 #CONF: 0.9998614190687362
37 55  ==> 58 91 106 109 127  #SUP: 7215 #CONF: 0.999445906635268
19 106  ==> 55 58 91 109 127  #SUP: 7215 #CONF: 0.9997228765414993
37 127  ==> 55 58 91 106 109  #SUP: 7215 #CONF: 0.9993074792243767
19 91  ==> 55 58 88 109 127  #SUP: 7215 #CONF: 0.9993074792243767
37 124  ==> 55 58 91 109 127  #SUP: 7215 #CONF: 0.9997228765414993
55 109  ==> 19 58 91 124 127  #SUP: 7215 #CONF: 0.999445906635268
37 127  ==> 55 58 88 91 109  #SUP: 7215 #CONF: 0.9993074792243767
19 91  ==> 55 58 109 124 127  #SUP: 7215 #CONF: 0.9993074792243767
37 127  ==> 55 58 91 109 124  #SUP: 7215 #CONF: 0.9993074792243767
55 127  ==> 19 58 91 109 124  #SUP: 7215 #CONF: 0.999445906635268
37 109  ==> 55 58 91 106 127  #SUP: 7215 #CONF: 0.9993074792243767
37 55  ==> 58 88 91 109 127  #SUP: 7215 #CONF: 0.999445906635268
55 109  ==> 37 58 91 124 127  #SUP: 7215 #CONF: 0.999445906635268
37 106  ==> 55 58 91 109 127  #SUP: 7215 #CONF: 0.9997228765414993
55 127  ==> 37 58 88 91 109  #SUP: 7215 #CONF: 0.999445906635268
37 109  ==> 55 58 88 91 127  #SUP: 7215 #CONF: 0.9993074792243767
19 55  ==> 58 91 109 124 127  #SUP: 7215 #CONF: 0.999445906635268
37 91  ==> 55 58 109 124 127  #SUP: 7215 #CONF: 0.9993074792243767
55 91  ==> 37 58 106 109 127  #SUP: 7215 #CONF: 0.999445906635268
19 127  ==> 55 58 91 109 124  #SUP: 7215 #CONF: 0.9993074792243767
37 55  ==> 58 91 109 124 127  #SUP: 7215 #CONF: 0.999445906635268
55 127  ==> 19 58 88 91 109  #SUP: 7215 #CONF: 0.999445906635268
37 109  ==> 55 58 91 124 127  #SUP: 7215 #CONF: 0.9993074792243767
55 91  ==> 37 58 88 109 127  #SUP: 7215 #CONF: 0.999445906635268
19 55  ==> 58 91 106 109 127  #SUP: 7215 #CONF: 0.999445906635268
55 109  ==> 37 58 88 91 127  #SUP: 7215 #CONF: 0.999445906635268
19 109  ==> 55 58 88 91 127  #SUP: 7215 #CONF: 0.9993074792243767
55 106  ==> 37 58 91 109 127  #SUP: 7215 #CONF: 0.9998614190687362
55 109  ==> 37 58 91 106 127  #SUP: 7215 #CONF: 0.999445906635268
19 124  ==> 55 58 91 109 127  #SUP: 7215 #CONF: 0.9997228765414993
55 124  ==> 19 58 91 109 127  #SUP: 7215 #CONF: 0.9998614190687362
55 91  ==> 19 58 88 109 127  #SUP: 7215 #CONF: 0.999445906635268
19 109  ==> 55 58 91 124 127  #SUP: 7215 #CONF: 0.9993074792243767
19 88  ==> 55 58 91 109 127  #SUP: 7215 #CONF: 0.9997228765414993
55 124  ==> 37 58 91 109 127  #SUP: 7215 #CONF: 0.9998614190687362
37 91  ==> 55 58 106 109 127  #SUP: 7215 #CONF: 0.9993074792243767
19 109  ==> 55 58 91 106 127  #SUP: 7215 #CONF: 0.9993074792243767
88 106  ==> 58 91 109 127  #SUP: 7215 #CONF: 1.0
88 124  ==> 58 91 109 127  #SUP: 7215 #CONF: 1.0
19 88 106  ==> 58 91 109 127  #SUP: 7214 #CONF: 1.0
19 37 55 106  ==> 58 91 109 127  #SUP: 7214 #CONF: 1.0
127  ==> 58 91 106 109 124  #SUP: 7215 #CONF: 0.9991690901537184
127  ==> 37 55 58 91 106 109  #SUP: 7215 #CONF: 0.9991690901537184
109  ==> 19 55 58 91 106 127  #SUP: 7215 #CONF: 0.9991690901537184
55  ==> 19 58 91 109 124 127  #SUP: 7215 #CONF: 0.9993074792243767
127  ==> 37 55 58 88 91 109  #SUP: 7215 #CONF: 0.9991690901537184
91  ==> 19 55 58 88 109 127  #SUP: 7215 #CONF: 0.9991690901537184
91  ==> 37 55 58 88 109 127  #SUP: 7215 #CONF: 0.9991690901537184
55  ==> 37 58 91 106 109 127  #SUP: 7215 #CONF: 0.9993074792243767
127  ==> 19 55 58 91 106 109  #SUP: 7215 #CONF: 0.9991690901537184
127  ==> 19 55 58 91 109 124  #SUP: 7215 #CONF: 0.9991690901537184
58  ==> 19 55 88 91 109 127  #SUP: 7215 #CONF: 0.9990307394073664
37  ==> 55 58 91 109 124 127  #SUP: 7215 #CONF: 0.9991690901537184
19  ==> 55 58 91 106 109 127  #SUP: 7215 #CONF: 0.9991690901537184
91  ==> 37 55 58 109 124 127  #SUP: 7215 #CONF: 0.9991690901537184
91  ==> 37 55 58 106 109 127  #SUP: 7215 #CONF: 0.9991690901537184
91  ==> 19 55 58 106 109 127  #SUP: 7215 #CONF: 0.9991690901537184
109  ==> 37 55 58 91 106 127  #SUP: 7215 #CONF: 0.9991690901537184
127  ==> 19 55 58 88 91 109  #SUP: 7215 #CONF: 0.9991690901537184
37  ==> 55 58 88 91 109 127  #SUP: 7215 #CONF: 0.9991690901537184
58  ==> 19 55 91 109 124 127  #SUP: 7215 #CONF: 0.9990307394073664
91  ==> 19 55 58 109 124 127  #SUP: 7215 #CONF: 0.9991690901537184
88  ==> 19 55 58 91 109 127  #SUP: 7215 #CONF: 0.9995843724023276
88  ==> 37 55 58 91 109 127  #SUP: 7215 #CONF: 0.9995843724023276
124  ==> 19 55 58 91 109 127  #SUP: 7215 #CONF: 0.9995843724023276
109  ==> 37 55 58 91 124 127  #SUP: 7215 #CONF: 0.9991690901537184
109  ==> 19 55 58 88 91 127  #SUP: 7215 #CONF: 0.9991690901537184
58  ==> 37 55 91 109 124 127  #SUP: 7215 #CONF: 0.9990307394073664
55  ==> 19 58 88 91 109 127  #SUP: 7215 #CONF: 0.9993074792243767
55  ==> 37 58 91 109 124 127  #SUP: 7215 #CONF: 0.9993074792243767
19  ==> 55 58 88 91 109 127  #SUP: 7215 #CONF: 0.9991690901537184
106  ==> 19 55 58 91 109 127  #SUP: 7215 #CONF: 0.9995843724023276
106  ==> 37 55 58 91 109 127  #SUP: 7215 #CONF: 0.9995843724023276
109  ==> 37 55 58 88 91 127  #SUP: 7215 #CONF: 0.9991690901537184
37  ==> 55 58 91 106 109 127  #SUP: 7215 #CONF: 0.9991690901537184
124  ==> 37 55 58 91 109 127  #SUP: 7215 #CONF: 0.9995843724023276
58  ==> 37 55 91 106 109 127  #SUP: 7215 #CONF: 0.9990307394073664
127  ==> 37 55 58 91 109 124  #SUP: 7215 #CONF: 0.9991690901537184
19  ==> 55 58 91 109 124 127  #SUP: 7215 #CONF: 0.9991690901537184
55  ==> 19 58 91 106 109 127  #SUP: 7215 #CONF: 0.9993074792243767
58  ==> 37 55 88 91 109 127  #SUP: 7215 #CONF: 0.9990307394073664
58  ==> 19 55 91 106 109 127  #SUP: 7215 #CONF: 0.9990307394073664
55  ==> 37 58 88 91 109 127  #SUP: 7215 #CONF: 0.9993074792243767
109  ==> 19 55 58 91 124 127  #SUP: 7215 #CONF: 0.9991690901537184
109  ==> 58 88 91 124 127  #SUP: 7215 #CONF: 0.9991690901537184
19 37 55 127  ==> 58 91 109 124  #SUP: 7214 #CONF: 0.9995843148122489
91  ==> 58 106 109 124 127  #SUP: 7215 #CONF: 0.9991690901537184
58  ==> 88 91 109 124 127  #SUP: 7215 #CONF: 0.9990307394073664
109  ==> 58 91 106 124 127  #SUP: 7215 #CONF: 0.9991690901537184
88  ==> 58 91 109 124 127  #SUP: 7215 #CONF: 0.9995843724023276
106  ==> 58 88 91 109 127  #SUP: 7215 #CONF: 0.9995843724023276
106  ==> 58 91 109 124 127  #SUP: 7215 #CONF: 0.9995843724023276
109  ==> 58 88 91 106 127  #SUP: 7215 #CONF: 0.9991690901537184
91  ==> 58 88 109 124 127  #SUP: 7215 #CONF: 0.9991690901537184
58  ==> 91 106 109 124 127  #SUP: 7215 #CONF: 0.9990307394073664
124  ==> 58 88 91 109 127  #SUP: 7215 #CONF: 0.9995843724023276
58  ==> 88 91 106 109 127  #SUP: 7215 #CONF: 0.9990307394073664
127  ==> 58 88 91 109 124  #SUP: 7215 #CONF: 0.9991690901537184
124  ==> 58 91 106 109 127  #SUP: 7215 #CONF: 0.9995843724023276
88  ==> 58 91 106 109 127  #SUP: 7215 #CONF: 0.9995843724023276
127  ==> 58 88 91 106 109  #SUP: 7215 #CONF: 0.9991690901537184
91  ==> 58 88 106 109 127  #SUP: 7215 #CONF: 0.9991690901537184
19 37 55 127  ==> 58 88 91 109  #SUP: 7214 #CONF: 0.9995843148122489
19 37 55 91  ==> 58 106 109 127  #SUP: 7214 #CONF: 0.9995843148122489
19 37 55 88  ==> 58 91 109 127  #SUP: 7214 #CONF: 1.0
19 37 55 109  ==> 58 91 106 127  #SUP: 7214 #CONF: 0.9995843148122489
19 37 55 127  ==> 58 91 106 109  #SUP: 7214 #CONF: 0.9995843148122489
19 37 55 91  ==> 58 88 109 127  #SUP: 7214 #CONF: 0.9995843148122489
19 37 55 124  ==> 58 91 109 127  #SUP: 7214 #CONF: 1.0
19 37 55 109  ==> 58 91 124 127  #SUP: 7214 #CONF: 0.9995843148122489
19 37 55 109  ==> 58 88 91 127  #SUP: 7214 #CONF: 0.9995843148122489
19 37 55 91  ==> 58 109 124 127  #SUP: 7214 #CONF: 0.9995843148122489
19 55 88  ==> 37 58 91 109 127  #SUP: 7214 #CONF: 0.9998613998613999
19 37 106  ==> 55 58 91 109 127  #SUP: 7214 #CONF: 0.9997228381374723
19 37 109  ==> 55 58 91 106 127  #SUP: 7214 #CONF: 0.9993073832940851
37 55 127  ==> 19 58 91 106 109  #SUP: 7214 #CONF: 0.99944582986977
19 55 109  ==> 37 58 91 106 127  #SUP: 7214 #CONF: 0.99944582986977
37 55 127  ==> 19 58 88 91 109  #SUP: 7214 #CONF: 0.99944582986977
19 55 91  ==> 37 58 88 109 127  #SUP: 7214 #CONF: 0.99944582986977
19 37 91  ==> 55 58 106 109 127  #SUP: 7214 #CONF: 0.9993073832940851
19 55 127  ==> 37 58 91 109 124  #SUP: 7214 #CONF: 0.99944582986977
19 37 127  ==> 55 58 91 109 124  #SUP: 7214 #CONF: 0.9993073832940851
19 55 127  ==> 37 58 88 91 109  #SUP: 7214 #CONF: 0.99944582986977
19 37 109  ==> 55 58 88 91 127  #SUP: 7214 #CONF: 0.9993073832940851
19 37 55  ==> 58 88 91 109 127  #SUP: 7214 #CONF: 0.99944582986977
37 55 124  ==> 19 58 91 109 127  #SUP: 7214 #CONF: 0.9998613998613999
19 55 91  ==> 37 58 109 124 127  #SUP: 7214 #CONF: 0.99944582986977
19 37 127  ==> 55 58 91 106 109  #SUP: 7214 #CONF: 0.9993073832940851
19 37 55  ==> 58 91 109 124 127  #SUP: 7214 #CONF: 0.99944582986977
19 37 91  ==> 55 58 88 109 127  #SUP: 7214 #CONF: 0.9993073832940851
37 55 91  ==> 19 58 88 109 127  #SUP: 7214 #CONF: 0.99944582986977
19 55 109  ==> 37 58 91 124 127  #SUP: 7214 #CONF: 0.99944582986977
19 55 106  ==> 37 58 91 109 127  #SUP: 7214 #CONF: 0.9998613998613999
37 55 109  ==> 19 58 91 124 127  #SUP: 7214 #CONF: 0.99944582986977
19 37 127  ==> 55 58 88 91 109  #SUP: 7214 #CONF: 0.9993073832940851
19 37 91  ==> 55 58 109 124 127  #SUP: 7214 #CONF: 0.9993073832940851
37 55 109  ==> 19 58 91 106 127  #SUP: 7214 #CONF: 0.99944582986977
19 55 124  ==> 37 58 91 109 127  #SUP: 7214 #CONF: 0.9998613998613999
37 55 106  ==> 19 58 91 109 127  #SUP: 7214 #CONF: 0.9998613998613999
37 55 91  ==> 19 58 109 124 127  #SUP: 7214 #CONF: 0.99944582986977
37 55 91  ==> 19 58 106 109 127  #SUP: 7214 #CONF: 0.99944582986977
19 55 127  ==> 37 58 91 106 109  #SUP: 7214 #CONF: 0.99944582986977
37 55 88  ==> 19 58 91 109 127  #SUP: 7214 #CONF: 0.9998613998613999
37 55 127  ==> 19 58 91 109 124  #SUP: 7214 #CONF: 0.99944582986977
19 55 91  ==> 37 58 106 109 127  #SUP: 7214 #CONF: 0.99944582986977
19 55 109  ==> 37 58 88 91 127  #SUP: 7214 #CONF: 0.99944582986977
19 37 109  ==> 55 58 91 124 127  #SUP: 7214 #CONF: 0.9993073832940851
19 37 55  ==> 58 91 106 109 127  #SUP: 7214 #CONF: 0.99944582986977
19 37 88  ==> 55 58 91 109 127  #SUP: 7214 #CONF: 0.9997228381374723
37 55 109  ==> 19 58 88 91 127  #SUP: 7214 #CONF: 0.99944582986977
19 37 124  ==> 55 58 91 109 127  #SUP: 7214 #CONF: 0.9997228381374723
37 88 106  ==> 58 91 109 127  #SUP: 7214 #CONF: 1.0
19 106 124  ==> 58 91 109 127  #SUP: 7214 #CONF: 1.0
19 88 124  ==> 58 91 109 127  #SUP: 7214 #CONF: 1.0
37 88 124  ==> 58 91 109 127  #SUP: 7214 #CONF: 1.0
37 106 124  ==> 58 91 109 127  #SUP: 7214 #CONF: 1.0
37 88  ==> 58 91 109 124 127  #SUP: 7214 #CONF: 0.9995843148122489
37 106  ==> 19 55 58 91 109 127  #SUP: 7214 #CONF: 0.9995843148122489
37 127  ==> 19 55 58 91 109 124  #SUP: 7214 #CONF: 0.9991689750692521
19 55  ==> 37 58 91 109 124 127  #SUP: 7214 #CONF: 0.9993073832940851
19 109  ==> 37 55 58 91 106 127  #SUP: 7214 #CONF: 0.9991689750692521
19 124  ==> 37 55 58 91 109 127  #SUP: 7214 #CONF: 0.9995843148122489
55 91  ==> 19 37 58 109 124 127  #SUP: 7214 #CONF: 0.9993073832940851
19 127  ==> 37 55 58 88 91 109  #SUP: 7214 #CONF: 0.9991689750692521
37 109  ==> 19 55 58 91 124 127  #SUP: 7214 #CONF: 0.9991689750692521
55 91  ==> 19 37 58 88 109 127  #SUP: 7214 #CONF: 0.9993073832940851
55 127  ==> 19 37 58 91 106 109  #SUP: 7214 #CONF: 0.9993073832940851
19 91  ==> 37 55 58 88 109 127  #SUP: 7214 #CONF: 0.9991689750692521
37 55  ==> 19 58 88 91 109 127  #SUP: 7214 #CONF: 0.9993073832940851
19 37  ==> 55 58 91 109 124 127  #SUP: 7214 #CONF: 0.9991689750692521
55 91  ==> 19 37 58 106 109 127  #SUP: 7214 #CONF: 0.9993073832940851
19 55  ==> 37 58 91 106 109 127  #SUP: 7214 #CONF: 0.9993073832940851
55 127  ==> 19 37 58 88 91 109  #SUP: 7214 #CONF: 0.9993073832940851
19 91  ==> 37 55 58 109 124 127  #SUP: 7214 #CONF: 0.9991689750692521
55 127  ==> 19 37 58 91 109 124  #SUP: 7214 #CONF: 0.9993073832940851
37 109  ==> 19 55 58 91 106 127  #SUP: 7214 #CONF: 0.9991689750692521
55 124  ==> 19 37 58 91 109 127  #SUP: 7214 #CONF: 0.9997228381374723
37 91  ==> 19 55 58 88 109 127  #SUP: 7214 #CONF: 0.9991689750692521
19 127  ==> 37 55 58 91 109 124  #SUP: 7214 #CONF: 0.9991689750692521
19 109  ==> 37 55 58 88 91 127  #SUP: 7214 #CONF: 0.9991689750692521
37 127  ==> 19 55 58 91 106 109  #SUP: 7214 #CONF: 0.9991689750692521
37 55  ==> 19 58 91 106 109 127  #SUP: 7214 #CONF: 0.9993073832940851
19 106  ==> 37 55 58 91 109 127  #SUP: 7214 #CONF: 0.9995843148122489
55 109  ==> 19 37 58 91 106 127  #SUP: 7214 #CONF: 0.9993073832940851
19 88  ==> 37 55 58 91 109 127  #SUP: 7214 #CONF: 0.9995843148122489
37 91  ==> 19 55 58 106 109 127  #SUP: 7214 #CONF: 0.9991689750692521
37 124  ==> 19 55 58 91 109 127  #SUP: 7214 #CONF: 0.9995843148122489
19 109  ==> 37 55 58 91 124 127  #SUP: 7214 #CONF: 0.9991689750692521
37 91  ==> 19 55 58 109 124 127  #SUP: 7214 #CONF: 0.9991689750692521
55 109  ==> 19 37 58 88 91 127  #SUP: 7214 #CONF: 0.9993073832940851
37 88  ==> 19 55 58 91 109 127  #SUP: 7214 #CONF: 0.9995843148122489
19 55  ==> 37 58 88 91 109 127  #SUP: 7214 #CONF: 0.9993073832940851
19 127  ==> 37 55 58 91 106 109  #SUP: 7214 #CONF: 0.9991689750692521
37 55  ==> 19 58 91 109 124 127  #SUP: 7214 #CONF: 0.9993073832940851
55 109  ==> 19 37 58 91 124 127  #SUP: 7214 #CONF: 0.9993073832940851
19 37  ==> 55 58 88 91 109 127  #SUP: 7214 #CONF: 0.9991689750692521
37 127  ==> 19 55 58 88 91 109  #SUP: 7214 #CONF: 0.9991689750692521
55 88  ==> 19 37 58 91 109 127  #SUP: 7214 #CONF: 0.9997228381374723
55 106  ==> 19 37 58 91 109 127  #SUP: 7214 #CONF: 0.9997228381374723
37 109  ==> 19 55 58 88 91 127  #SUP: 7214 #CONF: 0.9991689750692521
19 91  ==> 37 55 58 106 109 127  #SUP: 7214 #CONF: 0.9991689750692521
19 37  ==> 55 58 91 106 109 127  #SUP: 7214 #CONF: 0.9991689750692521
37 127  ==> 58 91 106 109 124  #SUP: 7214 #CONF: 0.9991689750692521
106 124  ==> 37 58 91 109 127  #SUP: 7214 #CONF: 0.9998613998613999
19 127  ==> 58 88 91 109 124  #SUP: 7214 #CONF: 0.9991689750692521
88 124  ==> 37 58 91 109 127  #SUP: 7214 #CONF: 0.9998613998613999
19 109  ==> 58 91 106 124 127  #SUP: 7214 #CONF: 0.9991689750692521
19 91  ==> 58 106 109 124 127  #SUP: 7214 #CONF: 0.9991689750692521
37 109  ==> 58 88 91 106 127  #SUP: 7214 #CONF: 0.9991689750692521
88 124  ==> 19 58 91 109 127  #SUP: 7214 #CONF: 0.9998613998613999
37 88  ==> 58 91 106 109 127  #SUP: 7214 #CONF: 0.9995843148122489
37 127  ==> 58 88 91 109 124  #SUP: 7214 #CONF: 0.9991689750692521
37 127  ==> 58 88 91 106 109  #SUP: 7214 #CONF: 0.9991689750692521
88 106  ==> 37 58 91 109 127  #SUP: 7214 #CONF: 0.9998613998613999
19 127  ==> 58 91 106 109 124  #SUP: 7214 #CONF: 0.9991689750692521
19 127  ==> 58 88 91 106 109  #SUP: 7214 #CONF: 0.9991689750692521
37 91  ==> 58 88 106 109 127  #SUP: 7214 #CONF: 0.9991689750692521
37 106  ==> 58 91 109 124 127  #SUP: 7214 #CONF: 0.9995843148122489
37 109  ==> 58 91 106 124 127  #SUP: 7214 #CONF: 0.9991689750692521
19 88  ==> 58 91 109 124 127  #SUP: 7214 #CONF: 0.9995843148122489
37 91  ==> 58 88 109 124 127  #SUP: 7214 #CONF: 0.9991689750692521
37 124  ==> 58 88 91 109 127  #SUP: 7214 #CONF: 0.9995843148122489
37 91  ==> 58 106 109 124 127  #SUP: 7214 #CONF: 0.9991689750692521
37 109  ==> 58 88 91 124 127  #SUP: 7214 #CONF: 0.9991689750692521
19 91  ==> 58 88 109 124 127  #SUP: 7214 #CONF: 0.9991689750692521
88 106  ==> 19 58 91 109 127  #SUP: 7214 #CONF: 0.9998613998613999
19 109  ==> 58 88 91 106 127  #SUP: 7214 #CONF: 0.9991689750692521
19 124  ==> 58 88 91 109 127  #SUP: 7214 #CONF: 0.9995843148122489
106 124  ==> 19 58 91 109 127  #SUP: 7214 #CONF: 0.9998613998613999
19 109  ==> 58 88 91 124 127  #SUP: 7214 #CONF: 0.9991689750692521
19 91  ==> 58 88 106 109 127  #SUP: 7214 #CONF: 0.9991689750692521
19 106  ==> 58 88 91 109 127  #SUP: 7214 #CONF: 0.9995843148122489
37 124  ==> 58 91 106 109 127  #SUP: 7214 #CONF: 0.9995843148122489
19 88  ==> 58 91 106 109 127  #SUP: 7214 #CONF: 0.9995843148122489
37 106  ==> 58 88 91 109 127  #SUP: 7214 #CONF: 0.9995843148122489
19 106  ==> 58 91 109 124 127  #SUP: 7214 #CONF: 0.9995843148122489
19 124  ==> 58 91 106 109 127  #SUP: 7214 #CONF: 0.9995843148122489
19 37 109  ==> 58 88 91 124 127  #SUP: 7213 #CONF: 0.999168859952902
37  ==> 58 88 91 109 124 127  #SUP: 7214 #CONF: 0.9990306051793381
127  ==> 37 58 88 91 109 124  #SUP: 7214 #CONF: 0.9990306051793381
91  ==> 19 37 55 58 88 109 127  #SUP: 7214 #CONF: 0.9990306051793381
37  ==> 19 55 58 91 109 124 127  #SUP: 7214 #CONF: 0.9990306051793381
19  ==> 37 55 58 91 109 124 127  #SUP: 7214 #CONF: 0.9990306051793381
55  ==> 19 37 58 91 109 124 127  #SUP: 7214 #CONF: 0.9991689750692521
127  ==> 19 37 55 58 91 106 109  #SUP: 7214 #CONF: 0.9990306051793381
37  ==> 19 55 58 91 106 109 127  #SUP: 7214 #CONF: 0.9990306051793381
55  ==> 19 37 58 91 106 109 127  #SUP: 7214 #CONF: 0.9991689750692521
37  ==> 19 55 58 88 91 109 127  #SUP: 7214 #CONF: 0.9990306051793381
91  ==> 19 37 55 58 106 109 127  #SUP: 7214 #CONF: 0.9990306051793381
109  ==> 19 37 55 58 88 91 127  #SUP: 7214 #CONF: 0.9990306051793381
55  ==> 19 37 58 88 91 109 127  #SUP: 7214 #CONF: 0.9991689750692521
91  ==> 19 37 55 58 109 124 127  #SUP: 7214 #CONF: 0.9990306051793381
19  ==> 37 55 58 91 106 109 127  #SUP: 7214 #CONF: 0.9990306051793381
109  ==> 19 37 55 58 91 124 127  #SUP: 7214 #CONF: 0.9990306051793381
58  ==> 19 37 55 88 91 109 127  #SUP: 7214 #CONF: 0.9988922736084187
124  ==> 19 37 55 58 91 109 127  #SUP: 7214 #CONF: 0.99944582986977
106  ==> 19 37 55 58 91 109 127  #SUP: 7214 #CONF: 0.99944582986977
127  ==> 19 37 55 58 91 109 124  #SUP: 7214 #CONF: 0.9990306051793381
109  ==> 19 37 55 58 91 106 127  #SUP: 7214 #CONF: 0.9990306051793381
19  ==> 37 55 58 88 91 109 127  #SUP: 7214 #CONF: 0.9990306051793381
58  ==> 19 37 55 91 109 124 127  #SUP: 7214 #CONF: 0.9988922736084187
127  ==> 19 37 55 58 88 91 109  #SUP: 7214 #CONF: 0.9990306051793381
109  ==> 19 58 91 106 124 127  #SUP: 7214 #CONF: 0.9990306051793381
127  ==> 19 58 88 91 109 124  #SUP: 7214 #CONF: 0.9990306051793381
37  ==> 58 88 91 106 109 127  #SUP: 7214 #CONF: 0.9990306051793381
58  ==> 19 37 55 91 106 109 127  #SUP: 7214 #CONF: 0.9988922736084187
88  ==> 19 37 55 58 91 109 127  #SUP: 7214 #CONF: 0.99944582986977
58  ==> 19 88 91 106 109 127  #SUP: 7214 #CONF: 0.9988922736084187
109  ==> 37 58 91 106 124 127  #SUP: 7214 #CONF: 0.9990306051793381
127  ==> 37 58 88 91 106 109  #SUP: 7214 #CONF: 0.9990306051793381
106  ==> 19 58 88 91 109 127  #SUP: 7214 #CONF: 0.99944582986977
19  ==> 58 91 106 109 124 127  #SUP: 7214 #CONF: 0.9990306051793381
106  ==> 19 58 91 109 124 127  #SUP: 7214 #CONF: 0.99944582986977
124  ==> 19 58 91 106 109 127  #SUP: 7214 #CONF: 0.99944582986977
91  ==> 19 58 88 106 109 127  #SUP: 7214 #CONF: 0.9990306051793381
124  ==> 19 58 88 91 109 127  #SUP: 7214 #CONF: 0.99944582986977
58  ==> 37 88 91 109 124 127  #SUP: 7214 #CONF: 0.9988922736084187
58  ==> 19 88 91 109 124 127  #SUP: 7214 #CONF: 0.9988922736084187
109  ==> 37 58 88 91 124 127  #SUP: 7214 #CONF: 0.9990306051793381
109  ==> 19 58 88 91 106 127  #SUP: 7214 #CONF: 0.9990306051793381
91  ==> 19 58 106 109 124 127  #SUP: 7214 #CONF: 0.9990306051793381
91  ==> 37 58 88 109 124 127  #SUP: 7214 #CONF: 0.9990306051793381
88  ==> 19 58 91 106 109 127  #SUP: 7214 #CONF: 0.99944582986977
91  ==> 37 58 106 109 124 127  #SUP: 7214 #CONF: 0.9990306051793381
88  ==> 37 58 91 106 109 127  #SUP: 7214 #CONF: 0.99944582986977
88  ==> 19 58 91 109 124 127  #SUP: 7214 #CONF: 0.99944582986977
109  ==> 37 58 88 91 106 127  #SUP: 7214 #CONF: 0.9990306051793381
37  ==> 58 91 106 109 124 127  #SUP: 7214 #CONF: 0.9990306051793381
91  ==> 37 58 88 106 109 127  #SUP: 7214 #CONF: 0.9990306051793381
19 37 88 124  ==> 58 91 109 127  #SUP: 7213 #CONF: 1.0
109  ==> 19 58 88 91 124 127  #SUP: 7214 #CONF: 0.9990306051793381
127  ==> 37 58 91 106 109 124  #SUP: 7214 #CONF: 0.9990306051793381
106  ==> 37 58 91 109 124 127  #SUP: 7214 #CONF: 0.99944582986977
106  ==> 37 58 88 91 109 127  #SUP: 7214 #CONF: 0.99944582986977
58  ==> 37 88 91 106 109 127  #SUP: 7214 #CONF: 0.9988922736084187
19  ==> 58 88 91 109 124 127  #SUP: 7214 #CONF: 0.9990306051793381
127  ==> 19 58 88 91 106 109  #SUP: 7214 #CONF: 0.9990306051793381
88  ==> 37 58 91 109 124 127  #SUP: 7214 #CONF: 0.99944582986977
91  ==> 19 58 88 109 124 127  #SUP: 7214 #CONF: 0.9990306051793381
58  ==> 19 91 106 109 124 127  #SUP: 7214 #CONF: 0.9988922736084187
127  ==> 19 58 91 106 109 124  #SUP: 7214 #CONF: 0.9990306051793381
124  ==> 37 58 91 106 109 127  #SUP: 7214 #CONF: 0.99944582986977
124  ==> 37 58 88 91 109 127  #SUP: 7214 #CONF: 0.99944582986977
19  ==> 58 88 91 106 109 127  #SUP: 7214 #CONF: 0.9990306051793381
58  ==> 37 91 106 109 124 127  #SUP: 7214 #CONF: 0.9988922736084187
19 37 88 106  ==> 58 91 109 127  #SUP: 7213 #CONF: 1.0
19 37 106 124  ==> 58 91 109 127  #SUP: 7213 #CONF: 1.0
19 37 88  ==> 58 91 109 124 127  #SUP: 7213 #CONF: 0.9995842572062085
19 37 127  ==> 58 91 106 109 124  #SUP: 7213 #CONF: 0.999168859952902
19 37 127  ==> 58 88 91 109 124  #SUP: 7213 #CONF: 0.999168859952902
37 88 106  ==> 19 58 91 109 127  #SUP: 7213 #CONF: 0.9998613806487385
19 37 88  ==> 58 91 106 109 127  #SUP: 7213 #CONF: 0.9995842572062085
19 37 91  ==> 58 88 106 109 127  #SUP: 7213 #CONF: 0.999168859952902
19 37 127  ==> 58 88 91 106 109  #SUP: 7213 #CONF: 0.999168859952902
19 106 124  ==> 37 58 91 109 127  #SUP: 7213 #CONF: 0.9998613806487385
19 37 109  ==> 58 91 106 124 127  #SUP: 7213 #CONF: 0.999168859952902
19 88 106  ==> 37 58 91 109 127  #SUP: 7213 #CONF: 0.9998613806487385
19 37 91  ==> 58 88 109 124 127  #SUP: 7213 #CONF: 0.999168859952902
37 106 124  ==> 19 58 91 109 127  #SUP: 7213 #CONF: 0.9998613806487385
37 88 124  ==> 19 58 91 109 127  #SUP: 7213 #CONF: 0.9998613806487385
19 37 106  ==> 58 88 91 109 127  #SUP: 7213 #CONF: 0.9995842572062085
19 37 124  ==> 58 88 91 109 127  #SUP: 7213 #CONF: 0.9995842572062085
19 37 109  ==> 58 88 91 106 127  #SUP: 7213 #CONF: 0.999168859952902
19 37 91  ==> 58 106 109 124 127  #SUP: 7213 #CONF: 0.999168859952902
19 88 124  ==> 37 58 91 109 127  #SUP: 7213 #CONF: 0.9998613806487385
19 37 106  ==> 58 91 109 124 127  #SUP: 7213 #CONF: 0.9995842572062085
37 127  ==> 19 58 91 106 109 124  #SUP: 7213 #CONF: 0.9990304709141274
19 106  ==> 37 58 88 91 109 127  #SUP: 7213 #CONF: 0.9994457530829984
55 106 124  ==> 58 91 109 127  #SUP: 7213 #CONF: 1.0
55 88 124  ==> 58 91 109 127  #SUP: 7213 #CONF: 1.0
19 37 124  ==> 58 91 106 109 127  #SUP: 7213 #CONF: 0.9995842572062085
55 88 106  ==> 58 91 109 127  #SUP: 7213 #CONF: 1.0
19 37  ==> 58 88 91 109 124 127  #SUP: 7213 #CONF: 0.9990304709141274
37 88  ==> 19 58 91 106 109 127  #SUP: 7213 #CONF: 0.9994457530829984
37 109  ==> 19 58 91 106 124 127  #SUP: 7213 #CONF: 0.9990304709141274
19 124  ==> 37 58 88 91 109 127  #SUP: 7213 #CONF: 0.9994457530829984
19 37  ==> 58 91 106 109 124 127  #SUP: 7213 #CONF: 0.9990304709141274
37 91  ==> 19 58 88 106 109 127  #SUP: 7213 #CONF: 0.9990304709141274
88 106  ==> 19 37 58 91 109 127  #SUP: 7213 #CONF: 0.9997227997227998
19 127  ==> 37 58 88 91 109 124  #SUP: 7213 #CONF: 0.9990304709141274
37 109  ==> 19 58 88 91 106 127  #SUP: 7213 #CONF: 0.9990304709141274
37 91  ==> 19 58 106 109 124 127  #SUP: 7213 #CONF: 0.9990304709141274
19 106  ==> 37 58 91 109 124 127  #SUP: 7213 #CONF: 0.9994457530829984
19 127  ==> 37 58 88 91 106 109  #SUP: 7213 #CONF: 0.9990304709141274
19 91  ==> 37 58 88 106 109 127  #SUP: 7213 #CONF: 0.9990304709141274
19 124  ==> 37 58 91 106 109 127  #SUP: 7213 #CONF: 0.9994457530829984
19 88  ==> 37 58 91 109 124 127  #SUP: 7213 #CONF: 0.9994457530829984
19 109  ==> 37 58 88 91 124 127  #SUP: 7213 #CONF: 0.9990304709141274
19 127  ==> 37 58 91 106 109 124  #SUP: 7213 #CONF: 0.9990304709141274
19 91  ==> 37 58 88 109 124 127  #SUP: 7213 #CONF: 0.9990304709141274
19 91  ==> 37 58 106 109 124 127  #SUP: 7213 #CONF: 0.9990304709141274
37 124  ==> 19 58 88 91 109 127  #SUP: 7213 #CONF: 0.9994457530829984
37 91  ==> 19 58 88 109 124 127  #SUP: 7213 #CONF: 0.9990304709141274
37 88  ==> 19 58 91 109 124 127  #SUP: 7213 #CONF: 0.9994457530829984
37 127  ==> 19 58 88 91 106 109  #SUP: 7213 #CONF: 0.9990304709141274
19 109  ==> 37 58 91 106 124 127  #SUP: 7213 #CONF: 0.9990304709141274
106 124  ==> 19 37 58 91 109 127  #SUP: 7213 #CONF: 0.9997227997227998
19 109  ==> 37 58 88 91 106 127  #SUP: 7213 #CONF: 0.9990304709141274
37 106  ==> 19 58 91 109 124 127  #SUP: 7213 #CONF: 0.9994457530829984
37 124  ==> 19 58 91 106 109 127  #SUP: 7213 #CONF: 0.9994457530829984
19 88  ==> 37 58 91 106 109 127  #SUP: 7213 #CONF: 0.9994457530829984
37 127  ==> 19 58 88 91 109 124  #SUP: 7213 #CONF: 0.9990304709141274
19 37  ==> 58 88 91 106 109 127  #SUP: 7213 #CONF: 0.9990304709141274
37 127  ==> 58 88 91 106 109 124  #SUP: 7211 #CONF: 0.9987534626038781
127  ==> 58 88 91 106 109 124  #SUP: 7212 #CONF: 0.9987536352305775
55 88 124  ==> 37 58 91 109 127  #SUP: 7212 #CONF: 0.99986136143075
127  ==> 55 58 88 91 109 124  #SUP: 7213 #CONF: 0.9988921202049578
55 109  ==> 58 88 91 124 127  #SUP: 7213 #CONF: 0.999168859952902
106 124  ==> 55 58 91 109 127  #SUP: 7213 #CONF: 0.9997227997227998
55 91  ==> 58 106 109 124 127  #SUP: 7213 #CONF: 0.999168859952902
37 106  ==> 19 58 88 91 109 127  #SUP: 7213 #CONF: 0.9994457530829984
88 124  ==> 19 37 58 91 109 127  #SUP: 7213 #CONF: 0.9997227997227998
55 88  ==> 58 91 109 124 127  #SUP: 7213 #CONF: 0.9995842572062085
55 124  ==> 58 91 106 109 127  #SUP: 7213 #CONF: 0.9995842572062085
55 91  ==> 58 88 109 124 127  #SUP: 7213 #CONF: 0.999168859952902
55 127  ==> 58 88 91 106 109  #SUP: 7213 #CONF: 0.999168859952902
55 88  ==> 58 91 106 109 127  #SUP: 7213 #CONF: 0.9995842572062085
55 109  ==> 58 91 106 124 127  #SUP: 7213 #CONF: 0.999168859952902
55 109  ==> 58 88 91 106 127  #SUP: 7213 #CONF: 0.999168859952902
55 106  ==> 58 91 109 124 127  #SUP: 7213 #CONF: 0.9995842572062085
55 91  ==> 58 88 106 109 127  #SUP: 7213 #CONF: 0.999168859952902
55 124  ==> 58 88 91 109 127  #SUP: 7213 #CONF: 0.9995842572062085
88 106  ==> 55 58 91 109 127  #SUP: 7213 #CONF: 0.9997227997227998
88 124  ==> 55 58 91 109 127  #SUP: 7213 #CONF: 0.9997227997227998
55 127  ==> 58 91 106 109 124  #SUP: 7213 #CONF: 0.999168859952902
55 127  ==> 58 88 91 109 124  #SUP: 7213 #CONF: 0.999168859952902
109  ==> 19 37 58 88 91 106 127  #SUP: 7213 #CONF: 0.9988921202049578
88  ==> 19 37 58 91 109 124 127  #SUP: 7213 #CONF: 0.9993072873372125
91  ==> 19 37 58 106 109 124 127  #SUP: 7213 #CONF: 0.9988921202049578
55 106  ==> 58 88 91 109 127  #SUP: 7213 #CONF: 0.9995842572062085
19  ==> 37 58 88 91 109 124 127  #SUP: 7213 #CONF: 0.9988921202049578
37  ==> 19 58 88 91 106 109 127  #SUP: 7213 #CONF: 0.9988921202049578
106  ==> 19 37 58 91 109 124 127  #SUP: 7213 #CONF: 0.9993072873372125
58  ==> 19 37 88 91 109 124 127  #SUP: 7213 #CONF: 0.9987538078094711
91  ==> 19 37 58 88 109 124 127  #SUP: 7213 #CONF: 0.9988921202049578
88  ==> 19 37 58 91 106 109 127  #SUP: 7213 #CONF: 0.9993072873372125
58  ==> 19 37 91 106 109 124 127  #SUP: 7213 #CONF: 0.9987538078094711
127  ==> 19 37 58 88 91 106 109  #SUP: 7213 #CONF: 0.9988921202049578
19  ==> 37 58 91 106 109 124 127  #SUP: 7213 #CONF: 0.9988921202049578
124  ==> 19 37 58 88 91 109 127  #SUP: 7213 #CONF: 0.9993072873372125
58  ==> 19 37 88 91 106 109 127  #SUP: 7213 #CONF: 0.9987538078094711
124  ==> 19 37 58 91 106 109 127  #SUP: 7213 #CONF: 0.9993072873372125
19  ==> 37 58 88 91 106 109 127  #SUP: 7213 #CONF: 0.9988921202049578
109  ==> 19 37 58 88 91 124 127  #SUP: 7213 #CONF: 0.9988921202049578
37  ==> 19 58 91 106 109 124 127  #SUP: 7213 #CONF: 0.9988921202049578
127  ==> 19 37 58 88 91 109 124  #SUP: 7213 #CONF: 0.9988921202049578
127  ==> 19 37 58 91 106 109 124  #SUP: 7213 #CONF: 0.9988921202049578
106  ==> 19 37 58 88 91 109 127  #SUP: 7213 #CONF: 0.9993072873372125
37  ==> 19 58 88 91 109 124 127  #SUP: 7213 #CONF: 0.9988921202049578
109  ==> 19 37 58 91 106 124 127  #SUP: 7213 #CONF: 0.9988921202049578
91  ==> 19 37 58 88 106 109 127  #SUP: 7213 #CONF: 0.9988921202049578
109  ==> 55 58 88 91 106 127  #SUP: 7213 #CONF: 0.9988921202049578
88  ==> 55 58 91 106 109 127  #SUP: 7213 #CONF: 0.9993072873372125
124  ==> 55 58 88 91 109 127  #SUP: 7213 #CONF: 0.9993072873372125
91  ==> 55 58 88 106 109 127  #SUP: 7213 #CONF: 0.9988921202049578
58  ==> 55 88 91 106 109 127  #SUP: 7213 #CONF: 0.9987538078094711
58  ==> 55 91 106 109 124 127  #SUP: 7213 #CONF: 0.9987538078094711
19 55 106 124  ==> 58 91 109 127  #SUP: 7212 #CONF: 1.0
37 55 88 106  ==> 58 91 109 127  #SUP: 7212 #CONF: 1.0
91  ==> 55 58 106 109 124 127  #SUP: 7213 #CONF: 0.9988921202049578
109  ==> 55 58 91 106 124 127  #SUP: 7213 #CONF: 0.9988921202049578
55  ==> 58 88 91 109 124 127  #SUP: 7213 #CONF: 0.9990304709141274
124  ==> 55 58 91 106 109 127  #SUP: 7213 #CONF: 0.9993072873372125
55  ==> 58 91 106 109 124 127  #SUP: 7213 #CONF: 0.9990304709141274
106  ==> 55 58 88 91 109 127  #SUP: 7213 #CONF: 0.9993072873372125
127  ==> 55 58 88 91 106 109  #SUP: 7213 #CONF: 0.9988921202049578
58  ==> 55 88 91 109 124 127  #SUP: 7213 #CONF: 0.9987538078094711
109  ==> 55 58 88 91 124 127  #SUP: 7213 #CONF: 0.9988921202049578
88  ==> 55 58 91 109 124 127  #SUP: 7213 #CONF: 0.9993072873372125
91  ==> 55 58 88 109 124 127  #SUP: 7213 #CONF: 0.9988921202049578
106  ==> 55 58 91 109 124 127  #SUP: 7213 #CONF: 0.9993072873372125
55  ==> 58 88 91 106 109 127  #SUP: 7213 #CONF: 0.9990304709141274
127  ==> 55 58 91 106 109 124  #SUP: 7213 #CONF: 0.9988921202049578
37 55 88 124  ==> 58 91 109 127  #SUP: 7212 #CONF: 1.0
19 55 88 106  ==> 58 91 109 127  #SUP: 7212 #CONF: 1.0
37 55 106 124  ==> 58 91 109 127  #SUP: 7212 #CONF: 1.0
19 55 127  ==> 58 88 91 106 109  #SUP: 7212 #CONF: 0.999168744804655
37 55 127  ==> 58 91 106 109 124  #SUP: 7212 #CONF: 0.999168744804655
55 88 124  ==> 19 58 91 109 127  #SUP: 7212 #CONF: 0.99986136143075
55 88 106  ==> 37 58 91 109 127  #SUP: 7212 #CONF: 0.99986136143075
19 55 88 124  ==> 58 91 109 127  #SUP: 7212 #CONF: 1.0
37 106 124  ==> 55 58 91 109 127  #SUP: 7212 #CONF: 0.9997227612974772
19 55 106  ==> 58 91 109 124 127  #SUP: 7212 #CONF: 0.9995841995841996
37 55 88  ==> 58 91 106 109 127  #SUP: 7212 #CONF: 0.9995841995841996
19 55 88  ==> 58 91 109 124 127  #SUP: 7212 #CONF: 0.9995841995841996
19 106 124  ==> 55 58 91 109 127  #SUP: 7212 #CONF: 0.9997227612974772
37 55 109  ==> 58 88 91 106 127  #SUP: 7212 #CONF: 0.999168744804655
19 88 106  ==> 55 58 91 109 127  #SUP: 7212 #CONF: 0.9997227612974772
37 55 109  ==> 58 88 91 124 127  #SUP: 7212 #CONF: 0.999168744804655
55 106 124  ==> 37 58 91 109 127  #SUP: 7212 #CONF: 0.99986136143075
55 127  ==> 37 58 91 106 109 124  #SUP: 7212 #CONF: 0.999030336611719
88 106 124  ==> 58 91 109 127  #SUP: 7212 #CONF: 1.0
37 55 127  ==> 58 88 91 109 124  #SUP: 7212 #CONF: 0.999168744804655
37 55 88  ==> 58 91 109 124 127  #SUP: 7212 #CONF: 0.9995841995841996
19 55 124  ==> 58 88 91 109 127  #SUP: 7212 #CONF: 0.9995841995841996
37 55 91  ==> 58 88 106 109 127  #SUP: 7212 #CONF: 0.999168744804655
19 55 91  ==> 58 88 106 109 127  #SUP: 7212 #CONF: 0.999168744804655
37 88 124  ==> 55 58 91 109 127  #SUP: 7212 #CONF: 0.9997227612974772
37 88 106  ==> 55 58 91 109 127  #SUP: 7212 #CONF: 0.9997227612974772
37 55 91  ==> 58 106 109 124 127  #SUP: 7212 #CONF: 0.999168744804655
19 55 106  ==> 58 88 91 109 127  #SUP: 7212 #CONF: 0.9995841995841996
19 55 127  ==> 58 91 106 109 124  #SUP: 7212 #CONF: 0.999168744804655
55 106 124  ==> 19 58 91 109 127  #SUP: 7212 #CONF: 0.99986136143075
19 55 109  ==> 58 88 91 124 127  #SUP: 7212 #CONF: 0.999168744804655
19 55 91  ==> 58 106 109 124 127  #SUP: 7212 #CONF: 0.999168744804655
37 55 124  ==> 58 91 106 109 127  #SUP: 7212 #CONF: 0.9995841995841996
37 55 109  ==> 58 91 106 124 127  #SUP: 7212 #CONF: 0.999168744804655
19 55 124  ==> 58 91 106 109 127  #SUP: 7212 #CONF: 0.9995841995841996
19 55 88  ==> 58 91 106 109 127  #SUP: 7212 #CONF: 0.9995841995841996
37 55 124  ==> 58 88 91 109 127  #SUP: 7212 #CONF: 0.9995841995841996
19 55 127  ==> 58 88 91 109 124  #SUP: 7212 #CONF: 0.999168744804655
19 55 109  ==> 58 91 106 124 127  #SUP: 7212 #CONF: 0.999168744804655
19 55 109  ==> 58 88 91 106 127  #SUP: 7212 #CONF: 0.999168744804655
37 55 91  ==> 58 88 109 124 127  #SUP: 7212 #CONF: 0.999168744804655
37 55 127  ==> 58 88 91 106 109  #SUP: 7212 #CONF: 0.999168744804655
55 88 106  ==> 19 58 91 109 127  #SUP: 7212 #CONF: 0.99986136143075
37 55 106  ==> 58 91 109 124 127  #SUP: 7212 #CONF: 0.9995841995841996
19 88 124  ==> 55 58 91 109 127  #SUP: 7212 #CONF: 0.9997227612974772
37 55 106  ==> 58 88 91 109 127  #SUP: 7212 #CONF: 0.9995841995841996
19 55 91  ==> 58 88 109 124 127  #SUP: 7212 #CONF: 0.999168744804655
55 124  ==> 37 58 91 106 109 127  #SUP: 7212 #CONF: 0.9994456762749445
19 127  ==> 55 58 91 106 109 124  #SUP: 7212 #CONF: 0.9988919667590028
55 106  ==> 19 58 91 109 124 127  #SUP: 7212 #CONF: 0.9994456762749445
55 91  ==> 37 58 106 109 124 127  #SUP: 7212 #CONF: 0.999030336611719
37 106  ==> 55 58 91 109 124 127  #SUP: 7212 #CONF: 0.9993071913537481
55 124  ==> 19 58 88 91 109 127  #SUP: 7212 #CONF: 0.9994456762749445
55 88  ==> 37 58 91 106 109 127  #SUP: 7212 #CONF: 0.9994456762749445
55 106  ==> 37 58 91 109 124 127  #SUP: 7212 #CONF: 0.9994456762749445
19 91  ==> 55 58 106 109 124 127  #SUP: 7212 #CONF: 0.9988919667590028
88 124  ==> 19 55 58 91 109 127  #SUP: 7212 #CONF: 0.9995841995841996
37 106  ==> 55 58 88 91 109 127  #SUP: 7212 #CONF: 0.9993071913537481
19 109  ==> 55 58 88 91 106 127  #SUP: 7212 #CONF: 0.9988919667590028
19 127  ==> 55 58 88 91 109 124  #SUP: 7212 #CONF: 0.9988919667590028
55 88  ==> 19 58 91 106 109 127  #SUP: 7212 #CONF: 0.9994456762749445
55 109  ==> 37 58 91 106 124 127  #SUP: 7212 #CONF: 0.999030336611719
37 91  ==> 55 58 106 109 124 127  #SUP: 7212 #CONF: 0.9988919667590028
37 109  ==> 55 58 88 91 106 127  #SUP: 7212 #CONF: 0.9988919667590028
55 109  ==> 19 58 91 106 124 127  #SUP: 7212 #CONF: 0.999030336611719
19 106  ==> 55 58 91 109 124 127  #SUP: 7212 #CONF: 0.9993071913537481
19 55  ==> 58 88 91 109 124 127  #SUP: 7212 #CONF: 0.999030336611719
19 91  ==> 55 58 88 109 124 127  #SUP: 7212 #CONF: 0.9988919667590028
37 55  ==> 58 88 91 109 124 127  #SUP: 7212 #CONF: 0.999030336611719
19 55  ==> 58 88 91 106 109 127  #SUP: 7212 #CONF: 0.999030336611719
55 127  ==> 19 58 91 106 109 124  #SUP: 7212 #CONF: 0.999030336611719
37 88  ==> 55 58 91 109 124 127  #SUP: 7212 #CONF: 0.9993071913537481
37 55  ==> 58 91 106 109 124 127  #SUP: 7212 #CONF: 0.999030336611719
55 91  ==> 37 58 88 109 124 127  #SUP: 7212 #CONF: 0.999030336611719
55 106  ==> 37 58 88 91 109 127  #SUP: 7212 #CONF: 0.9994456762749445
37 109  ==> 55 58 91 106 124 127  #SUP: 7212 #CONF: 0.9988919667590028
88 124  ==> 37 55 58 91 109 127  #SUP: 7212 #CONF: 0.9995841995841996
37 91  ==> 55 58 88 106 109 127  #SUP: 7212 #CONF: 0.9988919667590028
37 55  ==> 58 88 91 106 109 127  #SUP: 7212 #CONF: 0.999030336611719
19 124  ==> 55 58 88 91 109 127  #SUP: 7212 #CONF: 0.9993071913537481
19 106  ==> 55 58 88 91 109 127  #SUP: 7212 #CONF: 0.9993071913537481
37 124  ==> 55 58 91 106 109 127  #SUP: 7212 #CONF: 0.9993071913537481
19 124  ==> 55 58 91 106 109 127  #SUP: 7212 #CONF: 0.9993071913537481
19 88  ==> 55 58 91 109 124 127  #SUP: 7212 #CONF: 0.9993071913537481
19 127  ==> 55 58 88 91 106 109  #SUP: 7212 #CONF: 0.9988919667590028
19 91  ==> 55 58 88 106 109 127  #SUP: 7212 #CONF: 0.9988919667590028
19 109  ==> 55 58 88 91 124 127  #SUP: 7212 #CONF: 0.9988919667590028
55 91  ==> 19 58 106 109 124 127  #SUP: 7212 #CONF: 0.999030336611719
55 109  ==> 37 58 88 91 106 127  #SUP: 7212 #CONF: 0.999030336611719
55 106  ==> 19 58 88 91 109 127  #SUP: 7212 #CONF: 0.9994456762749445
88 106  ==> 19 55 58 91 109 127  #SUP: 7212 #CONF: 0.9995841995841996
106 124  ==> 19 55 58 91 109 127  #SUP: 7212 #CONF: 0.9995841995841996
19 55  ==> 58 91 106 109 124 127  #SUP: 7212 #CONF: 0.999030336611719
55 91  ==> 37 58 88 106 109 127  #SUP: 7212 #CONF: 0.999030336611719
37 127  ==> 55 58 88 91 106 109  #SUP: 7212 #CONF: 0.9988919667590028
19 88  ==> 55 58 91 106 109 127  #SUP: 7212 #CONF: 0.9993071913537481
55 91  ==> 19 58 88 109 124 127  #SUP: 7212 #CONF: 0.999030336611719
88 106  ==> 37 55 58 91 109 127  #SUP: 7212 #CONF: 0.9995841995841996
55 88  ==> 37 58 91 109 124 127  #SUP: 7212 #CONF: 0.9994456762749445
55 127  ==> 37 58 88 91 109 124  #SUP: 7212 #CONF: 0.999030336611719
55 127  ==> 37 58 88 91 106 109  #SUP: 7212 #CONF: 0.999030336611719
37 109  ==> 55 58 88 91 124 127  #SUP: 7212 #CONF: 0.9988919667590028
37 88  ==> 55 58 91 106 109 127  #SUP: 7212 #CONF: 0.9993071913537481
55 127  ==> 19 58 88 91 106 109  #SUP: 7212 #CONF: 0.999030336611719
55 109  ==> 37 58 88 91 124 127  #SUP: 7212 #CONF: 0.999030336611719
106 124  ==> 37 55 58 91 109 127  #SUP: 7212 #CONF: 0.9995841995841996
88 106  ==> 58 91 109 124 127  #SUP: 7212 #CONF: 0.9995841995841996
37 91  ==> 55 58 88 109 124 127  #SUP: 7212 #CONF: 0.9988919667590028
37 127  ==> 55 58 88 91 109 124  #SUP: 7212 #CONF: 0.9988919667590028
55 109  ==> 19 58 88 91 106 127  #SUP: 7212 #CONF: 0.999030336611719
55 124  ==> 37 58 88 91 109 127  #SUP: 7212 #CONF: 0.9994456762749445
55 88  ==> 19 58 91 109 124 127  #SUP: 7212 #CONF: 0.9994456762749445
37 127  ==> 55 58 91 106 109 124  #SUP: 7212 #CONF: 0.9988919667590028
55 124  ==> 19 58 91 106 109 127  #SUP: 7212 #CONF: 0.9994456762749445
37 124  ==> 55 58 88 91 109 127  #SUP: 7212 #CONF: 0.9993071913537481
55 109  ==> 19 58 88 91 124 127  #SUP: 7212 #CONF: 0.999030336611719
55 127  ==> 19 58 88 91 109 124  #SUP: 7212 #CONF: 0.999030336611719
55 91  ==> 19 58 88 106 109 127  #SUP: 7212 #CONF: 0.999030336611719
19 109  ==> 55 58 91 106 124 127  #SUP: 7212 #CONF: 0.9988919667590028
106 124  ==> 58 88 91 109 127  #SUP: 7212 #CONF: 0.9995841995841996
88 124  ==> 58 91 106 109 127  #SUP: 7212 #CONF: 0.9995841995841996
55  ==> 37 58 88 91 109 124 127  #SUP: 7212 #CONF: 0.9988919667590028
127  ==> 37 55 58 91 106 109 124  #SUP: 7212 #CONF: 0.9987536352305775
127  ==> 19 55 58 91 106 109 124  #SUP: 7212 #CONF: 0.9987536352305775
19  ==> 55 58 91 106 109 124 127  #SUP: 7212 #CONF: 0.9987536352305775
91  ==> 37 55 58 88 109 124 127  #SUP: 7212 #CONF: 0.9987536352305775
127  ==> 37 55 58 88 91 109 124  #SUP: 7212 #CONF: 0.9987536352305775
124  ==> 19 55 58 91 106 109 127  #SUP: 7212 #CONF: 0.999168744804655
124  ==> 37 55 58 88 91 109 127  #SUP: 7212 #CONF: 0.999168744804655
124  ==> 19 55 58 88 91 109 127  #SUP: 7212 #CONF: 0.999168744804655
58  ==> 37 55 88 91 109 124 127  #SUP: 7212 #CONF: 0.9986153420105234
106  ==> 37 55 58 91 109 124 127  #SUP: 7212 #CONF: 0.999168744804655
37  ==> 55 58 88 91 109 124 127  #SUP: 7212 #CONF: 0.9987536352305775
55  ==> 19 58 88 91 106 109 127  #SUP: 7212 #CONF: 0.9988919667590028
106  ==> 37 55 58 88 91 109 127  #SUP: 7212 #CONF: 0.999168744804655
19  ==> 55 58 88 91 109 124 127  #SUP: 7212 #CONF: 0.9987536352305775
88  ==> 37 55 58 91 109 124 127  #SUP: 7212 #CONF: 0.999168744804655
37  ==> 55 58 91 106 109 124 127  #SUP: 7212 #CONF: 0.9987536352305775
106  ==> 19 55 58 88 91 109 127  #SUP: 7212 #CONF: 0.999168744804655
109  ==> 37 55 58 91 106 124 127  #SUP: 7212 #CONF: 0.9987536352305775
88  ==> 19 55 58 91 106 109 127  #SUP: 7212 #CONF: 0.999168744804655
91  ==> 19 55 58 106 109 124 127  #SUP: 7212 #CONF: 0.9987536352305775
109  ==> 19 55 58 88 91 124 127  #SUP: 7212 #CONF: 0.9987536352305775
55  ==> 19 58 88 91 109 124 127  #SUP: 7212 #CONF: 0.9988919667590028
58  ==> 37 55 88 91 106 109 127  #SUP: 7212 #CONF: 0.9986153420105234
91  ==> 37 55 58 88 106 109 127  #SUP: 7212 #CONF: 0.9987536352305775
55  ==> 37 58 91 106 109 124 127  #SUP: 7212 #CONF: 0.9988919667590028
88  ==> 19 55 58 91 109 124 127  #SUP: 7212 #CONF: 0.999168744804655
55  ==> 37 58 88 91 106 109 127  #SUP: 7212 #CONF: 0.9988919667590028
106  ==> 19 55 58 91 109 124 127  #SUP: 7212 #CONF: 0.999168744804655
109  ==> 19 55 58 88 91 106 127  #SUP: 7212 #CONF: 0.9987536352305775
127  ==> 19 55 58 88 91 109 124  #SUP: 7212 #CONF: 0.9987536352305775
124  ==> 37 55 58 91 106 109 127  #SUP: 7212 #CONF: 0.999168744804655
109  ==> 37 55 58 88 91 124 127  #SUP: 7212 #CONF: 0.9987536352305775
91  ==> 19 55 58 88 106 109 127  #SUP: 7212 #CONF: 0.9987536352305775
127  ==> 19 55 58 88 91 106 109  #SUP: 7212 #CONF: 0.9987536352305775
91  ==> 37 55 58 106 109 124 127  #SUP: 7212 #CONF: 0.9987536352305775
58  ==> 19 55 88 91 106 109 127  #SUP: 7212 #CONF: 0.9986153420105234
19  ==> 55 58 88 91 106 109 127  #SUP: 7212 #CONF: 0.9987536352305775
91  ==> 19 55 58 88 109 124 127  #SUP: 7212 #CONF: 0.9987536352305775
88  ==> 37 55 58 91 106 109 127  #SUP: 7212 #CONF: 0.999168744804655
58  ==> 37 55 91 106 109 124 127  #SUP: 7212 #CONF: 0.9986153420105234
109  ==> 37 55 58 88 91 106 127  #SUP: 7212 #CONF: 0.9987536352305775
55  ==> 19 58 91 106 109 124 127  #SUP: 7212 #CONF: 0.9988919667590028
127  ==> 37 55 58 88 91 106 109  #SUP: 7212 #CONF: 0.9987536352305775
109  ==> 19 55 58 91 106 124 127  #SUP: 7212 #CONF: 0.9987536352305775
37  ==> 55 58 88 91 106 109 127  #SUP: 7212 #CONF: 0.9987536352305775
58  ==> 19 55 88 91 109 124 127  #SUP: 7212 #CONF: 0.9986153420105234
58  ==> 19 55 91 106 109 124 127  #SUP: 7212 #CONF: 0.9986153420105234
91  ==> 58 88 106 109 124 127  #SUP: 7212 #CONF: 0.9987536352305775
124  ==> 58 88 91 106 109 127  #SUP: 7212 #CONF: 0.999168744804655
106  ==> 58 88 91 109 124 127  #SUP: 7212 #CONF: 0.999168744804655
109  ==> 58 88 91 106 124 127  #SUP: 7212 #CONF: 0.9987536352305775
37 55 124  ==> 19 58 91 106 109 127  #SUP: 7211 #CONF: 0.9994455994455994
19 55 91  ==> 37 58 88 109 124 127  #SUP: 7211 #CONF: 0.9990302022720975
19 37 55 91  ==> 58 106 109 124 127  #SUP: 7211 #CONF: 0.9991686296244977
19 37 55 109  ==> 58 91 106 124 127  #SUP: 7211 #CONF: 0.9991686296244977
19 37 55 109  ==> 58 88 91 106 127  #SUP: 7211 #CONF: 0.9991686296244977
19 37 55 88 124  ==> 58 91 109 127  #SUP: 7211 #CONF: 1.0
19 37 55 106 124  ==> 58 91 109 127  #SUP: 7211 #CONF: 1.0
58  ==> 88 91 106 109 124 127  #SUP: 7212 #CONF: 0.9986153420105234
88  ==> 58 91 106 109 124 127  #SUP: 7212 #CONF: 0.999168744804655
19 37 55 88 106  ==> 58 91 109 127  #SUP: 7211 #CONF: 1.0
19 37 55 106  ==> 58 88 91 109 127  #SUP: 7211 #CONF: 0.9995841419462157
37 55 88 124  ==> 19 58 91 109 127  #SUP: 7211 #CONF: 0.9998613422074321
19 37 55 109  ==> 58 88 91 124 127  #SUP: 7211 #CONF: 0.9991686296244977
19 55 88 124  ==> 37 58 91 109 127  #SUP: 7211 #CONF: 0.9998613422074321
19 55 88 106  ==> 37 58 91 109 127  #SUP: 7211 #CONF: 0.9998613422074321
19 37 55 127  ==> 58 88 91 106 109  #SUP: 7211 #CONF: 0.9991686296244977
19 37 55 124  ==> 58 88 91 109 127  #SUP: 7211 #CONF: 0.9995841419462157
19 37 55 91  ==> 58 88 109 124 127  #SUP: 7211 #CONF: 0.9991686296244977
19 37 55 88  ==> 58 91 109 124 127  #SUP: 7211 #CONF: 0.9995841419462157
19 37 55 127  ==> 58 91 106 109 124  #SUP: 7211 #CONF: 0.9991686296244977
19 37 55 127  ==> 58 88 91 109 124  #SUP: 7211 #CONF: 0.9991686296244977
37 55 88 106  ==> 19 58 91 109 127  #SUP: 7211 #CONF: 0.9998613422074321
19 37 55 91  ==> 58 88 106 109 127  #SUP: 7211 #CONF: 0.9991686296244977
37 55 106 124  ==> 19 58 91 109 127  #SUP: 7211 #CONF: 0.9998613422074321
19 55 106 124  ==> 37 58 91 109 127  #SUP: 7211 #CONF: 0.9998613422074321
19 37 55 88  ==> 58 91 106 109 127  #SUP: 7211 #CONF: 0.9995841419462157
19 37 88 106  ==> 55 58 91 109 127  #SUP: 7211 #CONF: 0.9997227228615001
19 37 55 106  ==> 58 91 109 124 127  #SUP: 7211 #CONF: 0.9995841419462157
19 37 106 124  ==> 55 58 91 109 127  #SUP: 7211 #CONF: 0.9997227228615001
19 37 88 124  ==> 55 58 91 109 127  #SUP: 7211 #CONF: 0.9997227228615001
19 37 55 124  ==> 58 91 106 109 127  #SUP: 7211 #CONF: 0.9995841419462157
19 37 127  ==> 55 58 88 91 106 109  #SUP: 7211 #CONF: 0.9988918132705361
19 37 127  ==> 55 58 88 91 109 124  #SUP: 7211 #CONF: 0.9988918132705361
37 88 106 124  ==> 58 91 109 127  #SUP: 7211 #CONF: 1.0
19 88 106 124  ==> 58 91 109 127  #SUP: 7211 #CONF: 1.0
37 55 91  ==> 19 58 88 106 109 127  #SUP: 7211 #CONF: 0.9990302022720975
19 37 109  ==> 55 58 88 91 124 127  #SUP: 7211 #CONF: 0.9988918132705361
19 37 91  ==> 55 58 88 106 109 127  #SUP: 7211 #CONF: 0.9988918132705361
37 55 127  ==> 19 58 88 91 106 109  #SUP: 7211 #CONF: 0.9990302022720975
19 88 124  ==> 37 55 58 91 109 127  #SUP: 7211 #CONF: 0.9995841419462157
37 55 106  ==> 19 58 88 91 109 127  #SUP: 7211 #CONF: 0.9994455994455994
37 55 91  ==> 19 58 88 109 124 127  #SUP: 7211 #CONF: 0.9990302022720975
55 88 106  ==> 19 37 58 91 109 127  #SUP: 7211 #CONF: 0.9997227228615001
37 55 91  ==> 19 58 106 109 124 127  #SUP: 7211 #CONF: 0.9990302022720975
19 55 106  ==> 37 58 91 109 124 127  #SUP: 7211 #CONF: 0.9994455994455994
19 88 106  ==> 37 55 58 91 109 127  #SUP: 7211 #CONF: 0.9995841419462157
37 88 124  ==> 19 55 58 91 109 127  #SUP: 7211 #CONF: 0.9995841419462157
19 55 127  ==> 37 58 91 106 109 124  #SUP: 7211 #CONF: 0.9990302022720975
37 55 109  ==> 19 58 91 106 124 127  #SUP: 7211 #CONF: 0.9990302022720975
19 55 91  ==> 37 58 106 109 124 127  #SUP: 7211 #CONF: 0.9990302022720975
19 55 124  ==> 37 58 88 91 109 127  #SUP: 7211 #CONF: 0.9994455994455994
55 106 124  ==> 19 37 58 91 109 127  #SUP: 7211 #CONF: 0.9997227228615001
37 55 106  ==> 19 58 91 109 124 127  #SUP: 7211 #CONF: 0.9994455994455994
19 37 124  ==> 55 58 88 91 109 127  #SUP: 7211 #CONF: 0.9993070953436807
19 55 109  ==> 37 58 91 106 124 127  #SUP: 7211 #CONF: 0.9990302022720975
19 37 91  ==> 55 58 88 109 124 127  #SUP: 7211 #CONF: 0.9988918132705361
19 55 88  ==> 37 58 91 106 109 127  #SUP: 7211 #CONF: 0.9994455994455994
19 37 55  ==> 58 88 91 106 109 127  #SUP: 7211 #CONF: 0.9990302022720975
37 106 124  ==> 19 55 58 91 109 127  #SUP: 7211 #CONF: 0.9995841419462157
37 55 109  ==> 19 58 88 91 106 127  #SUP: 7211 #CONF: 0.9990302022720975
19 106 124  ==> 37 55 58 91 109 127  #SUP: 7211 #CONF: 0.9995841419462157
19 55 109  ==> 37 58 88 91 124 127  #SUP: 7211 #CONF: 0.9990302022720975
19 55 127  ==> 37 58 88 91 109 124  #SUP: 7211 #CONF: 0.9990302022720975
37 55 109  ==> 19 58 88 91 124 127  #SUP: 7211 #CONF: 0.9990302022720975
19 55 127  ==> 37 58 88 91 106 109  #SUP: 7211 #CONF: 0.9990302022720975
19 55 88  ==> 37 58 91 109 124 127  #SUP: 7211 #CONF: 0.9994455994455994
19 37 109  ==> 55 58 88 91 106 127  #SUP: 7211 #CONF: 0.9988918132705361
37 55 124  ==> 19 58 88 91 109 127  #SUP: 7211 #CONF: 0.9994455994455994
19 55 91  ==> 37 58 88 106 109 127  #SUP: 7211 #CONF: 0.9990302022720975
19 55 106  ==> 37 58 88 91 109 127  #SUP: 7211 #CONF: 0.9994455994455994
19 55 109  ==> 37 58 88 91 106 127  #SUP: 7211 #CONF: 0.9990302022720975
19 37 91  ==> 55 58 106 109 124 127  #SUP: 7211 #CONF: 0.9988918132705361
19 37 124  ==> 55 58 91 106 109 127  #SUP: 7211 #CONF: 0.9993070953436807
37 55 127  ==> 19 58 91 106 109 124  #SUP: 7211 #CONF: 0.9990302022720975
19 37 55  ==> 58 88 91 109 124 127  #SUP: 7211 #CONF: 0.9990302022720975
19 37 88  ==> 55 58 91 106 109 127  #SUP: 7211 #CONF: 0.9993070953436807
55 88 124  ==> 19 37 58 91 109 127  #SUP: 7211 #CONF: 0.9997227228615001
37 55 88  ==> 19 58 91 106 109 127  #SUP: 7211 #CONF: 0.9994455994455994
19 37 106  ==> 55 58 88 91 109 127  #SUP: 7211 #CONF: 0.9993070953436807
37 55 127  ==> 19 58 88 91 109 124  #SUP: 7211 #CONF: 0.9990302022720975
19 37 88  ==> 55 58 91 109 124 127  #SUP: 7211 #CONF: 0.9993070953436807
19 37 127  ==> 55 58 91 106 109 124  #SUP: 7211 #CONF: 0.9988918132705361
19 37 109  ==> 55 58 91 106 124 127  #SUP: 7211 #CONF: 0.9988918132705361
19 55 124  ==> 37 58 91 106 109 127  #SUP: 7211 #CONF: 0.9994455994455994
19 37 55  ==> 58 91 106 109 124 127  #SUP: 7211 #CONF: 0.9990302022720975
37 88 106  ==> 19 55 58 91 109 127  #SUP: 7211 #CONF: 0.9995841419462157
37 55 88  ==> 19 58 91 109 124 127  #SUP: 7211 #CONF: 0.9994455994455994
19 37 106  ==> 55 58 91 109 124 127  #SUP: 7211 #CONF: 0.9993070953436807
19 127  ==> 37 55 58 91 106 109 124  #SUP: 7211 #CONF: 0.9987534626038781
55 127  ==> 19 37 58 88 91 109 124  #SUP: 7211 #CONF: 0.9988918132705361
19 88 106  ==> 58 91 109 124 127  #SUP: 7211 #CONF: 0.9995841419462157
88 106 124  ==> 19 58 91 109 127  #SUP: 7211 #CONF: 0.9998613422074321
19 88 124  ==> 58 91 106 109 127  #SUP: 7211 #CONF: 0.9995841419462157
37 106 124  ==> 58 88 91 109 127  #SUP: 7211 #CONF: 0.9995841419462157
19 106 124  ==> 58 88 91 109 127  #SUP: 7211 #CONF: 0.9995841419462157
88 106 124  ==> 37 58 91 109 127  #SUP: 7211 #CONF: 0.9998613422074321
37 88 124  ==> 58 91 106 109 127  #SUP: 7211 #CONF: 0.9995841419462157
37 88 106  ==> 58 91 109 124 127  #SUP: 7211 #CONF: 0.9995841419462157
55 109  ==> 19 37 58 88 91 106 127  #SUP: 7211 #CONF: 0.9988918132705361
55 91  ==> 19 37 58 106 109 124 127  #SUP: 7211 #CONF: 0.9988918132705361
55 88  ==> 19 37 58 91 109 124 127  #SUP: 7211 #CONF: 0.9993070953436807
37 91  ==> 19 55 58 88 109 124 127  #SUP: 7211 #CONF: 0.9987534626038781
55 124  ==> 19 37 58 91 106 109 127  #SUP: 7211 #CONF: 0.9993070953436807
19 109  ==> 37 55 58 88 91 106 127  #SUP: 7211 #CONF: 0.9987534626038781
55 88  ==> 19 37 58 91 106 109 127  #SUP: 7211 #CONF: 0.9993070953436807
19 55  ==> 37 58 91 106 109 124 127  #SUP: 7211 #CONF: 0.9988918132705361
88 124  ==> 19 37 55 58 91 109 127  #SUP: 7211 #CONF: 0.9994455994455994
55 109  ==> 19 37 58 91 106 124 127  #SUP: 7211 #CONF: 0.9988918132705361
55 91  ==> 19 37 58 88 109 124 127  #SUP: 7211 #CONF: 0.9988918132705361
19 127  ==> 37 55 58 88 91 109 124  #SUP: 7211 #CONF: 0.9987534626038781
55 106  ==> 19 37 58 91 109 124 127  #SUP: 7211 #CONF: 0.9993070953436807
19 124  ==> 37 55 58 91 106 109 127  #SUP: 7211 #CONF: 0.9991686296244977
55 106  ==> 19 37 58 88 91 109 127  #SUP: 7211 #CONF: 0.9993070953436807
37 127  ==> 19 55 58 91 106 109 124  #SUP: 7211 #CONF: 0.9987534626038781
19 88  ==> 37 55 58 91 106 109 127  #SUP: 7211 #CONF: 0.9991686296244977
55 91  ==> 19 37 58 88 106 109 127  #SUP: 7211 #CONF: 0.9988918132705361
37 88  ==> 19 55 58 91 106 109 127  #SUP: 7211 #CONF: 0.9991686296244977
19 55  ==> 37 58 88 91 106 109 127  #SUP: 7211 #CONF: 0.9988918132705361
37 109  ==> 19 55 58 88 91 106 127  #SUP: 7211 #CONF: 0.9987534626038781
55 127  ==> 19 37 58 91 106 109 124  #SUP: 7211 #CONF: 0.9988918132705361
37 124  ==> 19 55 58 88 91 109 127  #SUP: 7211 #CONF: 0.9991686296244977
19 37  ==> 55 58 91 106 109 124 127  #SUP: 7211 #CONF: 0.9987534626038781
55 109  ==> 19 37 58 88 91 124 127  #SUP: 7211 #CONF: 0.9988918132705361
37 55  ==> 19 58 88 91 109 124 127  #SUP: 7211 #CONF: 0.9988918132705361
19 109  ==> 37 55 58 88 91 124 127  #SUP: 7211 #CONF: 0.9987534626038781
37 109  ==> 19 55 58 91 106 124 127  #SUP: 7211 #CONF: 0.9987534626038781
19 91  ==> 37 55 58 88 106 109 127  #SUP: 7211 #CONF: 0.9987534626038781
55 124  ==> 19 37 58 88 91 109 127  #SUP: 7211 #CONF: 0.9993070953436807
19 91  ==> 37 55 58 106 109 124 127  #SUP: 7211 #CONF: 0.9987534626038781
19 37  ==> 55 58 88 91 109 124 127  #SUP: 7211 #CONF: 0.9987534626038781
19 88  ==> 37 55 58 91 109 124 127  #SUP: 7211 #CONF: 0.9991686296244977
19 109  ==> 37 55 58 91 106 124 127  #SUP: 7211 #CONF: 0.9987534626038781
19 106  ==> 37 55 58 91 109 124 127  #SUP: 7211 #CONF: 0.9991686296244977
37 127  ==> 19 55 58 88 91 109 124  #SUP: 7211 #CONF: 0.9987534626038781
19 127  ==> 37 55 58 88 91 106 109  #SUP: 7211 #CONF: 0.9987534626038781
37 88  ==> 19 55 58 91 109 124 127  #SUP: 7211 #CONF: 0.9991686296244977
88 106  ==> 19 37 55 58 91 109 127  #SUP: 7211 #CONF: 0.9994455994455994
106 124  ==> 19 37 55 58 91 109 127  #SUP: 7211 #CONF: 0.9994455994455994
37 106  ==> 19 55 58 88 91 109 127  #SUP: 7211 #CONF: 0.9991686296244977
37 55  ==> 19 58 91 106 109 124 127  #SUP: 7211 #CONF: 0.9988918132705361
37 127  ==> 19 55 58 88 91 106 109  #SUP: 7211 #CONF: 0.9987534626038781
19 37  ==> 55 58 88 91 106 109 127  #SUP: 7211 #CONF: 0.9987534626038781
19 124  ==> 37 55 58 88 91 109 127  #SUP: 7211 #CONF: 0.9991686296244977
19 91  ==> 37 55 58 88 109 124 127  #SUP: 7211 #CONF: 0.9987534626038781
19 55  ==> 37 58 88 91 109 124 127  #SUP: 7211 #CONF: 0.9988918132705361
37 91  ==> 58 88 106 109 124 127  #SUP: 7211 #CONF: 0.9987534626038781
37 91  ==> 19 55 58 88 106 109 127  #SUP: 7211 #CONF: 0.9987534626038781
19 106  ==> 37 55 58 88 91 109 127  #SUP: 7211 #CONF: 0.9991686296244977
37 106  ==> 19 55 58 91 109 124 127  #SUP: 7211 #CONF: 0.9991686296244977
37 55  ==> 19 58 88 91 106 109 127  #SUP: 7211 #CONF: 0.9988918132705361
37 91  ==> 19 55 58 106 109 124 127  #SUP: 7211 #CONF: 0.9987534626038781
37 124  ==> 19 55 58 91 106 109 127  #SUP: 7211 #CONF: 0.9991686296244977
37 109  ==> 19 55 58 88 91 124 127  #SUP: 7211 #CONF: 0.9987534626038781
55 127  ==> 19 37 58 88 91 106 109  #SUP: 7211 #CONF: 0.9988918132705361
19 127  ==> 58 88 91 106 109 124  #SUP: 7211 #CONF: 0.9987534626038781
19 124  ==> 58 88 91 106 109 127  #SUP: 7211 #CONF: 0.9991686296244977
106 124  ==> 37 58 88 91 109 127  #SUP: 7211 #CONF: 0.9994455994455994
19 88  ==> 58 91 106 109 124 127  #SUP: 7211 #CONF: 0.9991686296244977
88 106  ==> 37 58 91 109 124 127  #SUP: 7211 #CONF: 0.9994455994455994
106 124  ==> 19 58 88 91 109 127  #SUP: 7211 #CONF: 0.9994455994455994
37 88  ==> 58 91 106 109 124 127  #SUP: 7211 #CONF: 0.9991686296244977
88  ==> 55 58 91 106 109 124 127  #SUP: 7210 #CONF: 0.9988916597395401
55 88 106 124  ==> 58 91 109 127  #SUP: 7210 #CONF: 1.0
58  ==> 19 37 55 91 106 109 124 127  #SUP: 7211 #CONF: 0.9984768762115758
19 106  ==> 58 88 91 109 124 127  #SUP: 7211 #CONF: 0.9991686296244977
88 124  ==> 19 58 91 106 109 127  #SUP: 7211 #CONF: 0.9994455994455994
37 124  ==> 58 88 91 106 109 127  #SUP: 7211 #CONF: 0.9991686296244977
88 106  ==> 19 58 91 109 124 127  #SUP: 7211 #CONF: 0.9994455994455994
37 106  ==> 58 88 91 109 124 127  #SUP: 7211 #CONF: 0.9991686296244977
37 109  ==> 58 88 91 106 124 127  #SUP: 7211 #CONF: 0.9987534626038781
19 109  ==> 58 88 91 106 124 127  #SUP: 7211 #CONF: 0.9987534626038781
88 124  ==> 37 58 91 106 109 127  #SUP: 7211 #CONF: 0.9994455994455994
19 91  ==> 58 88 106 109 124 127  #SUP: 7211 #CONF: 0.9987534626038781
109  ==> 19 37 55 58 88 91 124 127  #SUP: 7211 #CONF: 0.9986151502561972
127  ==> 19 37 55 58 88 91 106 109  #SUP: 7211 #CONF: 0.9986151502561972
88  ==> 19 37 55 58 91 106 109 127  #SUP: 7211 #CONF: 0.9990302022720975
106  ==> 19 37 55 58 91 109 124 127  #SUP: 7211 #CONF: 0.9990302022720975
88  ==> 19 37 55 58 91 109 124 127  #SUP: 7211 #CONF: 0.9990302022720975
55  ==> 19 37 58 91 106 109 124 127  #SUP: 7211 #CONF: 0.9987534626038781
19  ==> 37 55 58 88 91 109 124 127  #SUP: 7211 #CONF: 0.9986151502561972
91  ==> 19 37 55 58 88 106 109 127  #SUP: 7211 #CONF: 0.9986151502561972
55  ==> 19 37 58 88 91 106 109 127  #SUP: 7211 #CONF: 0.9987534626038781
91  ==> 19 37 55 58 88 109 124 127  #SUP: 7211 #CONF: 0.9986151502561972
91  ==> 19 37 55 58 106 109 124 127  #SUP: 7211 #CONF: 0.9986151502561972
58  ==> 19 37 55 88 91 106 109 127  #SUP: 7211 #CONF: 0.9984768762115758
37  ==> 19 55 58 88 91 109 124 127  #SUP: 7211 #CONF: 0.9986151502561972
58  ==> 19 37 55 88 91 109 124 127  #SUP: 7211 #CONF: 0.9984768762115758
109  ==> 19 37 55 58 91 106 124 127  #SUP: 7211 #CONF: 0.9986151502561972
124  ==> 19 37 55 58 91 106 109 127  #SUP: 7211 #CONF: 0.9990302022720975
124  ==> 19 37 55 58 88 91 109 127  #SUP: 7211 #CONF: 0.9990302022720975
88  ==> 37 58 91 106 109 124 127  #SUP: 7211 #CONF: 0.9990302022720975
127  ==> 19 37 55 58 91 106 109 124  #SUP: 7211 #CONF: 0.9986151502561972
127  ==> 19 37 55 58 88 91 109 124  #SUP: 7211 #CONF: 0.9986151502561972
55  ==> 19 37 58 88 91 109 124 127  #SUP: 7211 #CONF: 0.9987534626038781
37  ==> 19 55 58 91 106 109 124 127  #SUP: 7211 #CONF: 0.9986151502561972
19  ==> 37 55 58 91 106 109 124 127  #SUP: 7211 #CONF: 0.9986151502561972
37  ==> 19 55 58 88 91 106 109 127  #SUP: 7211 #CONF: 0.9986151502561972
106  ==> 19 37 55 58 88 91 109 127  #SUP: 7211 #CONF: 0.9990302022720975
109  ==> 19 37 55 58 88 91 106 127  #SUP: 7211 #CONF: 0.9986151502561972
19  ==> 37 55 58 88 91 106 109 127  #SUP: 7211 #CONF: 0.9986151502561972
58  ==> 19 88 91 106 109 124 127  #SUP: 7211 #CONF: 0.9984768762115758
19  ==> 58 88 91 106 109 124 127  #SUP: 7211 #CONF: 0.9986151502561972
37  ==> 58 88 91 106 109 124 127  #SUP: 7211 #CONF: 0.9986151502561972
106  ==> 19 58 88 91 109 124 127  #SUP: 7211 #CONF: 0.9990302022720975
91  ==> 37 58 88 106 109 124 127  #SUP: 7211 #CONF: 0.9986151502561972
106  ==> 37 58 88 91 109 124 127  #SUP: 7211 #CONF: 0.9990302022720975
127  ==> 19 58 88 91 106 109 124  #SUP: 7211 #CONF: 0.9986151502561972
109  ==> 19 58 88 91 106 124 127  #SUP: 7211 #CONF: 0.9986151502561972
58  ==> 37 88 91 106 109 124 127  #SUP: 7211 #CONF: 0.9984768762115758
124  ==> 19 58 88 91 106 109 127  #SUP: 7211 #CONF: 0.9990302022720975
109  ==> 37 58 88 91 106 124 127  #SUP: 7211 #CONF: 0.9986151502561972
88  ==> 19 58 91 106 109 124 127  #SUP: 7211 #CONF: 0.9990302022720975
124  ==> 37 58 88 91 106 109 127  #SUP: 7211 #CONF: 0.9990302022720975
91  ==> 19 58 88 106 109 124 127  #SUP: 7211 #CONF: 0.9986151502561972
127  ==> 37 58 88 91 106 109 124  #SUP: 7211 #CONF: 0.9986151502561972
19 37 106 124  ==> 58 88 91 109 127  #SUP: 7210 #CONF: 0.9995840842922501
19 37 88 106  ==> 58 91 109 124 127  #SUP: 7210 #CONF: 0.9995840842922501
19 37 88 106 124  ==> 58 91 109 127  #SUP: 7210 #CONF: 1.0
37 88 106 124  ==> 19 58 91 109 127  #SUP: 7210 #CONF: 0.9998613229787824
19 88 106 124  ==> 37 58 91 109 127  #SUP: 7210 #CONF: 0.9998613229787824
19 37 88 124  ==> 58 91 106 109 127  #SUP: 7210 #CONF: 0.9995840842922501
19 37  ==> 58 88 91 106 109 124 127  #SUP: 7210 #CONF: 0.9986149584487535
88 106 124  ==> 55 58 91 109 127  #SUP: 7210 #CONF: 0.9997226844148641
19 37 127  ==> 58 88 91 106 109 124  #SUP: 7210 #CONF: 0.9987532899293531
19 37 106  ==> 58 88 91 109 124 127  #SUP: 7210 #CONF: 0.9991685144124168
37 106 124  ==> 19 58 88 91 109 127  #SUP: 7210 #CONF: 0.9994455225949542
19 37 91  ==> 58 88 106 109 124 127  #SUP: 7210 #CONF: 0.9987532899293531
19 37 124  ==> 58 88 91 106 109 127  #SUP: 7210 #CONF: 0.9991685144124168
19 88 124  ==> 37 58 91 106 109 127  #SUP: 7210 #CONF: 0.9994455225949542
19 88 106  ==> 37 58 91 109 124 127  #SUP: 7210 #CONF: 0.9994455225949542
19 37 88  ==> 58 91 106 109 124 127  #SUP: 7210 #CONF: 0.9991685144124168
19 106 124  ==> 37 58 88 91 109 127  #SUP: 7210 #CONF: 0.9994455225949542
37 88 106  ==> 19 58 91 109 124 127  #SUP: 7210 #CONF: 0.9994455225949542
55 88 124  ==> 58 91 106 109 127  #SUP: 7210 #CONF: 0.9995840842922501
37 88 124  ==> 19 58 91 106 109 127  #SUP: 7210 #CONF: 0.9994455225949542
88 106 124  ==> 19 37 58 91 109 127  #SUP: 7210 #CONF: 0.9997226844148641
19 37 109  ==> 58 88 91 106 124 127  #SUP: 7210 #CONF: 0.9987532899293531
55 88 106  ==> 58 91 109 124 127  #SUP: 7210 #CONF: 0.9995840842922501
55 106 124  ==> 58 88 91 109 127  #SUP: 7210 #CONF: 0.9995840842922501
19 88  ==> 37 58 91 106 109 124 127  #SUP: 7210 #CONF: 0.9990300678952473
37 127  ==> 19 58 88 91 106 109 124  #SUP: 7210 #CONF: 0.9986149584487535
19 127  ==> 37 58 88 91 106 109 124  #SUP: 7210 #CONF: 0.9986149584487535
37 88  ==> 19 58 91 106 109 124 127  #SUP: 7210 #CONF: 0.9990300678952473
19 106  ==> 37 58 88 91 109 124 127  #SUP: 7210 #CONF: 0.9990300678952473
37 106  ==> 19 58 88 91 109 124 127  #SUP: 7210 #CONF: 0.9990300678952473
37 124  ==> 19 58 88 91 106 109 127  #SUP: 7210 #CONF: 0.9990300678952473
106 124  ==> 19 37 58 88 91 109 127  #SUP: 7210 #CONF: 0.9993069993069993
37 109  ==> 19 58 88 91 106 124 127  #SUP: 7210 #CONF: 0.9986149584487535
55 127  ==> 58 88 91 106 109 124  #SUP: 7210 #CONF: 0.9987532899293531
19 91  ==> 37 58 88 106 109 124 127  #SUP: 7210 #CONF: 0.9986149584487535
88 124  ==> 19 37 58 91 106 109 127  #SUP: 7210 #CONF: 0.9993069993069993
19 124  ==> 37 58 88 91 106 109 127  #SUP: 7210 #CONF: 0.9990300678952473
37 91  ==> 19 58 88 106 109 124 127  #SUP: 7210 #CONF: 0.9986149584487535
88 106  ==> 55 58 91 109 124 127  #SUP: 7210 #CONF: 0.9993069993069993
88 106  ==> 19 37 58 91 109 124 127  #SUP: 7210 #CONF: 0.9993069993069993
19 109  ==> 37 58 88 91 106 124 127  #SUP: 7210 #CONF: 0.9986149584487535
55 106  ==> 58 88 91 109 124 127  #SUP: 7210 #CONF: 0.9991685144124168
88 124  ==> 55 58 91 106 109 127  #SUP: 7210 #CONF: 0.9993069993069993
55 109  ==> 58 88 91 106 124 127  #SUP: 7210 #CONF: 0.9987532899293531
55 88  ==> 58 91 106 109 124 127  #SUP: 7210 #CONF: 0.9991685144124168
127  ==> 19 37 58 88 91 106 109 124  #SUP: 7210 #CONF: 0.9984766652818169
106 124  ==> 55 58 88 91 109 127  #SUP: 7210 #CONF: 0.9993069993069993
55 124  ==> 58 88 91 106 109 127  #SUP: 7210 #CONF: 0.9991685144124168
106  ==> 19 37 58 88 91 109 124 127  #SUP: 7210 #CONF: 0.9988916597395401
55 91  ==> 58 88 106 109 124 127  #SUP: 7210 #CONF: 0.9987532899293531
109  ==> 19 37 58 88 91 106 124 127  #SUP: 7210 #CONF: 0.9984766652818169
55  ==> 58 88 91 106 109 124 127  #SUP: 7210 #CONF: 0.9986149584487535
37  ==> 19 58 88 91 106 109 124 127  #SUP: 7210 #CONF: 0.9984766652818169
88  ==> 19 37 58 91 106 109 124 127  #SUP: 7210 #CONF: 0.9988916597395401
91  ==> 19 37 58 88 106 109 124 127  #SUP: 7210 #CONF: 0.9984766652818169
19  ==> 37 58 88 91 106 109 124 127  #SUP: 7210 #CONF: 0.9984766652818169
124  ==> 19 37 58 88 91 106 109 127  #SUP: 7210 #CONF: 0.9988916597395401
58  ==> 19 37 88 91 106 109 124 127  #SUP: 7210 #CONF: 0.998338410412628
58  ==> 55 88 91 106 109 124 127  #SUP: 7210 #CONF: 0.998338410412628
124  ==> 55 58 88 91 106 109 127  #SUP: 7210 #CONF: 0.9988916597395401
127  ==> 55 58 88 91 106 109 124  #SUP: 7210 #CONF: 0.9984766652818169
91  ==> 55 58 88 106 109 124 127  #SUP: 7210 #CONF: 0.9984766652818169
106  ==> 55 58 88 91 109 124 127  #SUP: 7210 #CONF: 0.9988916597395401
109  ==> 55 58 88 91 106 124 127  #SUP: 7210 #CONF: 0.9984766652818169
127  ==> 19 55 58 88 91 106 109 124  #SUP: 7209 #CONF: 0.9983381803074366
88 106 124  ==> 37 55 58 91 109 127  #SUP: 7209 #CONF: 0.9995840266222962
19 55 127  ==> 58 88 91 106 109 124  #SUP: 7209 #CONF: 0.9987531172069826
19 55 88 124  ==> 58 91 106 109 127  #SUP: 7209 #CONF: 0.9995840266222962
37 88 106 124  ==> 55 58 91 109 127  #SUP: 7209 #CONF: 0.9997226459575649
19 55 106 124  ==> 58 88 91 109 127  #SUP: 7209 #CONF: 0.9995840266222962
37 55 88 106 124  ==> 58 91 109 127  #SUP: 7209 #CONF: 1.0
19 55 88 106 124  ==> 58 91 109 127  #SUP: 7209 #CONF: 1.0
37 55 88 124  ==> 58 91 106 109 127  #SUP: 7209 #CONF: 0.9995840266222962
37 55 88 106  ==> 58 91 109 124 127  #SUP: 7209 #CONF: 0.9995840266222962
19 88 106 124  ==> 55 58 91 109 127  #SUP: 7209 #CONF: 0.9997226459575649
55 88 106 124  ==> 37 58 91 109 127  #SUP: 7209 #CONF: 0.9998613037447989
37 55 106 124  ==> 58 88 91 109 127  #SUP: 7209 #CONF: 0.9995840266222962
37 55 109  ==> 58 88 91 106 124 127  #SUP: 7209 #CONF: 0.9987531172069826
19 55 88 106  ==> 58 91 109 124 127  #SUP: 7209 #CONF: 0.9995840266222962
55 88 106 124  ==> 19 58 91 109 127  #SUP: 7209 #CONF: 0.9998613037447989
37 88 106  ==> 55 58 91 109 124 127  #SUP: 7209 #CONF: 0.9993069032436929
37 55 91  ==> 58 88 106 109 124 127  #SUP: 7209 #CONF: 0.9987531172069826
19 88 124  ==> 55 58 91 106 109 127  #SUP: 7209 #CONF: 0.9993069032436929
55 88 106  ==> 19 58 91 109 124 127  #SUP: 7209 #CONF: 0.9994454457230001
19 55 106  ==> 58 88 91 109 124 127  #SUP: 7209 #CONF: 0.9991683991683992
37 55 127  ==> 58 88 91 106 109 124  #SUP: 7209 #CONF: 0.9987531172069826
37 55 88  ==> 58 91 106 109 124 127  #SUP: 7209 #CONF: 0.9991683991683992
19 106 124  ==> 55 58 88 91 109 127  #SUP: 7209 #CONF: 0.9993069032436929
55 88 124  ==> 37 58 91 106 109 127  #SUP: 7209 #CONF: 0.9994454457230001
19 88 106  ==> 55 58 91 109 124 127  #SUP: 7209 #CONF: 0.9993069032436929
19 55 109  ==> 58 88 91 106 124 127  #SUP: 7209 #CONF: 0.9987531172069826
37 88 124  ==> 55 58 91 106 109 127  #SUP: 7209 #CONF: 0.9993069032436929
19 55 124  ==> 58 88 91 106 109 127  #SUP: 7209 #CONF: 0.9991683991683992
88 106 124  ==> 19 55 58 91 109 127  #SUP: 7209 #CONF: 0.9995840266222962
55 88 124  ==> 19 58 91 106 109 127  #SUP: 7209 #CONF: 0.9994454457230001
37 55 124  ==> 58 88 91 106 109 127  #SUP: 7209 #CONF: 0.9991683991683992
37 106 124  ==> 55 58 88 91 109 127  #SUP: 7209 #CONF: 0.9993069032436929
19 55 91  ==> 58 88 106 109 124 127  #SUP: 7209 #CONF: 0.9987531172069826
55 106 124  ==> 37 58 88 91 109 127  #SUP: 7209 #CONF: 0.9994454457230001
19 55 88  ==> 58 91 106 109 124 127  #SUP: 7209 #CONF: 0.9991683991683992
37 55 106  ==> 58 88 91 109 124 127  #SUP: 7209 #CONF: 0.9991683991683992
55 106 124  ==> 19 58 88 91 109 127  #SUP: 7209 #CONF: 0.9994454457230001
55 88 106  ==> 37 58 91 109 124 127  #SUP: 7209 #CONF: 0.9994454457230001
55 127  ==> 19 58 88 91 106 109 124  #SUP: 7209 #CONF: 0.99861476658817
55 127  ==> 37 58 88 91 106 109 124  #SUP: 7209 #CONF: 0.99861476658817
37 109  ==> 55 58 88 91 106 124 127  #SUP: 7209 #CONF: 0.9984764542936289
88 106  ==> 37 55 58 91 109 124 127  #SUP: 7209 #CONF: 0.9991683991683992
55 124  ==> 19 58 88 91 106 109 127  #SUP: 7209 #CONF: 0.999029933481153
88 124  ==> 19 55 58 91 106 109 127  #SUP: 7209 #CONF: 0.9991683991683992
88 124  ==> 37 55 58 91 106 109 127  #SUP: 7209 #CONF: 0.9991683991683992
19 124  ==> 55 58 88 91 106 109 127  #SUP: 7209 #CONF: 0.998891506165997
55 109  ==> 19 58 88 91 106 124 127  #SUP: 7209 #CONF: 0.99861476658817
55 88  ==> 19 58 91 106 109 124 127  #SUP: 7209 #CONF: 0.999029933481153
19 55  ==> 58 88 91 106 109 124 127  #SUP: 7209 #CONF: 0.99861476658817
55 106  ==> 37 58 88 91 109 124 127  #SUP: 7209 #CONF: 0.999029933481153
55 88  ==> 37 58 91 106 109 124 127  #SUP: 7209 #CONF: 0.999029933481153
55 106  ==> 19 58 88 91 109 124 127  #SUP: 7209 #CONF: 0.999029933481153
106 124  ==> 19 55 58 88 91 109 127  #SUP: 7209 #CONF: 0.9991683991683992
37 91  ==> 55 58 88 106 109 124 127  #SUP: 7209 #CONF: 0.9984764542936289
19 88  ==> 55 58 91 106 109 124 127  #SUP: 7209 #CONF: 0.998891506165997
19 127  ==> 55 58 88 91 106 109 124  #SUP: 7209 #CONF: 0.9984764542936289
106 124  ==> 37 55 58 88 91 109 127  #SUP: 7209 #CONF: 0.9991683991683992
19 109  ==> 55 58 88 91 106 124 127  #SUP: 7209 #CONF: 0.9984764542936289
55 91  ==> 19 58 88 106 109 124 127  #SUP: 7209 #CONF: 0.99861476658817
55 124  ==> 37 58 88 91 106 109 127  #SUP: 7209 #CONF: 0.999029933481153
88 106  ==> 19 55 58 91 109 124 127  #SUP: 7209 #CONF: 0.9991683991683992
19 91  ==> 55 58 88 106 109 124 127  #SUP: 7209 #CONF: 0.9984764542936289
55 91  ==> 37 58 88 106 109 124 127  #SUP: 7209 #CONF: 0.99861476658817
37 106  ==> 55 58 88 91 109 124 127  #SUP: 7209 #CONF: 0.998891506165997
55 109  ==> 37 58 88 91 106 124 127  #SUP: 7209 #CONF: 0.99861476658817
37 55  ==> 58 88 91 106 109 124 127  #SUP: 7209 #CONF: 0.99861476658817
37 127  ==> 55 58 88 91 106 109 124  #SUP: 7209 #CONF: 0.9984764542936289
37 88  ==> 55 58 91 106 109 124 127  #SUP: 7209 #CONF: 0.998891506165997
19 106  ==> 55 58 88 91 109 124 127  #SUP: 7209 #CONF: 0.998891506165997
37 124  ==> 55 58 88 91 106 109 127  #SUP: 7209 #CONF: 0.998891506165997
58  ==> 19 55 88 91 106 109 124 127  #SUP: 7209 #CONF: 0.9981999446136804
19  ==> 55 58 88 91 106 109 124 127  #SUP: 7209 #CONF: 0.9983381803074366
106  ==> 37 55 58 88 91 109 124 127  #SUP: 7209 #CONF: 0.9987531172069826
58  ==> 37 55 88 91 106 109 124 127  #SUP: 7209 #CONF: 0.9981999446136804
109  ==> 19 55 58 88 91 106 124 127  #SUP: 7209 #CONF: 0.9983381803074366
127  ==> 37 55 58 88 91 106 109 124  #SUP: 7209 #CONF: 0.9983381803074366
88  ==> 19 55 58 91 106 109 124 127  #SUP: 7209 #CONF: 0.9987531172069826
109  ==> 37 55 58 88 91 106 124 127  #SUP: 7209 #CONF: 0.9983381803074366
124  ==> 19 55 58 88 91 106 109 127  #SUP: 7209 #CONF: 0.9987531172069826
124  ==> 37 55 58 88 91 106 109 127  #SUP: 7209 #CONF: 0.9987531172069826
91  ==> 19 55 58 88 106 109 124 127  #SUP: 7209 #CONF: 0.9983381803074366
55  ==> 37 58 88 91 106 109 124 127  #SUP: 7209 #CONF: 0.9984764542936289
19 37 55 127  ==> 58 88 91 106 109 124  #SUP: 7208 #CONF: 0.9987529444367466
19 37 55 88  ==> 58 91 106 109 124 127  #SUP: 7208 #CONF: 0.9991682838924314
19 37 55 88 106  ==> 58 91 109 124 127  #SUP: 7208 #CONF: 0.9995839689363473
19 37 55 88 106 124  ==> 58 91 109 127  #SUP: 7208 #CONF: 1.0
37  ==> 55 58 88 91 106 109 124 127  #SUP: 7209 #CONF: 0.9983381803074366
88  ==> 37 55 58 91 106 109 124 127  #SUP: 7209 #CONF: 0.9987531172069826
55  ==> 19 58 88 91 106 109 124 127  #SUP: 7209 #CONF: 0.9984764542936289
91  ==> 37 55 58 88 106 109 124 127  #SUP: 7209 #CONF: 0.9983381803074366
106  ==> 19 55 58 88 91 109 124 127  #SUP: 7209 #CONF: 0.9987531172069826
19 55 88 106 124  ==> 37 58 91 109 127  #SUP: 7208 #CONF: 0.9998612845054793
37 55 106 124  ==> 19 58 88 91 109 127  #SUP: 7208 #CONF: 0.9994453688297282
37 55 88 106 124  ==> 19 58 91 109 127  #SUP: 7208 #CONF: 0.9998612845054793
19 37 55 88 124  ==> 58 91 106 109 127  #SUP: 7208 #CONF: 0.9995839689363473
19 37 88 106 124  ==> 55 58 91 109 127  #SUP: 7208 #CONF: 0.9997226074895977
19 37 55 106 124  ==> 58 88 91 109 127  #SUP: 7208 #CONF: 0.9995839689363473
19 37 106 124  ==> 55 58 88 91 109 127  #SUP: 7208 #CONF: 0.9993068071537502
19 37 55 124  ==> 58 88 91 106 109 127  #SUP: 7208 #CONF: 0.9991682838924314
37 55 88 106  ==> 19 58 91 109 124 127  #SUP: 7208 #CONF: 0.9994453688297282
19 37 55 109  ==> 58 88 91 106 124 127  #SUP: 7208 #CONF: 0.9987529444367466
19 55 106 124  ==> 37 58 88 91 109 127  #SUP: 7208 #CONF: 0.9994453688297282
19 37 55 106  ==> 58 88 91 109 124 127  #SUP: 7208 #CONF: 0.9991682838924314
19 55 88 124  ==> 37 58 91 106 109 127  #SUP: 7208 #CONF: 0.9994453688297282
19 37 88 124  ==> 55 58 91 106 109 127  #SUP: 7208 #CONF: 0.9993068071537502
55 88 106 124  ==> 19 37 58 91 109 127  #SUP: 7208 #CONF: 0.9997226074895977
37 55 88 124  ==> 19 58 91 106 109 127  #SUP: 7208 #CONF: 0.9994453688297282
19 37 88 106  ==> 55 58 91 109 124 127  #SUP: 7208 #CONF: 0.9993068071537502
19 88 106 124  ==> 37 55 58 91 109 127  #SUP: 7208 #CONF: 0.9995839689363473
19 37 55 91  ==> 58 88 106 109 124 127  #SUP: 7208 #CONF: 0.9987529444367466
19 55 88 106  ==> 37 58 91 109 124 127  #SUP: 7208 #CONF: 0.9994453688297282
37 88 106 124  ==> 19 55 58 91 109 127  #SUP: 7208 #CONF: 0.9995839689363473
19 37 88  ==> 55 58 91 106 109 124 127  #SUP: 7208 #CONF: 0.9988913525498891
19 88 106  ==> 37 55 58 91 109 124 127  #SUP: 7208 #CONF: 0.9991682838924314
37 88 106  ==> 19 55 58 91 109 124 127  #SUP: 7208 #CONF: 0.9991682838924314
19 37 55  ==> 58 88 91 106 109 124 127  #SUP: 7208 #CONF: 0.998614574674425
19 55 127  ==> 37 58 88 91 106 109 124  #SUP: 7208 #CONF: 0.998614574674425
19 37 91  ==> 55 58 88 106 109 124 127  #SUP: 7208 #CONF: 0.9984762432469871
19 55 88  ==> 37 58 91 106 109 124 127  #SUP: 7208 #CONF: 0.999029799029799
37 55 127  ==> 19 58 88 91 106 109 124  #SUP: 7208 #CONF: 0.998614574674425
37 55 124  ==> 19 58 88 91 106 109 127  #SUP: 7208 #CONF: 0.999029799029799
37 106 124  ==> 19 55 58 88 91 109 127  #SUP: 7208 #CONF: 0.9991682838924314
55 106 124  ==> 19 37 58 88 91 109 127  #SUP: 7208 #CONF: 0.9993068071537502
19 55 124  ==> 37 58 88 91 106 109 127  #SUP: 7208 #CONF: 0.999029799029799
19 55 91  ==> 37 58 88 106 109 124 127  #SUP: 7208 #CONF: 0.998614574674425
19 37 106  ==> 55 58 88 91 109 124 127  #SUP: 7208 #CONF: 0.9988913525498891
37 55 91  ==> 19 58 88 106 109 124 127  #SUP: 7208 #CONF: 0.998614574674425
19 55 109  ==> 37 58 88 91 106 124 127  #SUP: 7208 #CONF: 0.998614574674425
19 37 127  ==> 55 58 88 91 106 109 124  #SUP: 7208 #CONF: 0.9984762432469871
19 88 124  ==> 37 55 58 91 106 109 127  #SUP: 7208 #CONF: 0.9991682838924314
55 88 106  ==> 19 37 58 91 109 124 127  #SUP: 7208 #CONF: 0.9993068071537502
19 106 124  ==> 37 55 58 88 91 109 127  #SUP: 7208 #CONF: 0.9991682838924314
37 55 106  ==> 19 58 88 91 109 124 127  #SUP: 7208 #CONF: 0.999029799029799
19 37 109  ==> 55 58 88 91 106 124 127  #SUP: 7208 #CONF: 0.9984762432469871
19 55 106  ==> 37 58 88 91 109 124 127  #SUP: 7208 #CONF: 0.999029799029799
37 55 109  ==> 19 58 88 91 106 124 127  #SUP: 7208 #CONF: 0.998614574674425
37 88 124  ==> 19 55 58 91 106 109 127  #SUP: 7208 #CONF: 0.9991682838924314
55 88 124  ==> 19 37 58 91 106 109 127  #SUP: 7208 #CONF: 0.9993068071537502
88 106 124  ==> 19 37 55 58 91 109 127  #SUP: 7208 #CONF: 0.9994453688297282
37 55 88  ==> 19 58 91 106 109 124 127  #SUP: 7208 #CONF: 0.999029799029799
19 37 124  ==> 55 58 88 91 106 109 127  #SUP: 7208 #CONF: 0.9988913525498891
37  ==> 34 58  #SUP: 7194 #CONF: 0.9962609056917324
37 127  ==> 19 55 58 88 91 106 109 124  #SUP: 7208 #CONF: 0.9983379501385041
19 55  ==> 37 58 88 91 106 109 124 127  #SUP: 7208 #CONF: 0.9984762432469871
55 91  ==> 19 37 58 88 106 109 124 127  #SUP: 7208 #CONF: 0.9984762432469871
37 91  ==> 19 55 58 88 106 109 124 127  #SUP: 7208 #CONF: 0.9983379501385041
55 109  ==> 19 37 58 88 91 106 124 127  #SUP: 7208 #CONF: 0.9984762432469871
37 124  ==> 19 55 58 88 91 106 109 127  #SUP: 7208 #CONF: 0.9987529444367466
55 127  ==> 19 37 58 88 91 106 109 124  #SUP: 7208 #CONF: 0.9984762432469871
88 106  ==> 19 37 55 58 91 109 124 127  #SUP: 7208 #CONF: 0.999029799029799
55 88  ==> 19 37 58 91 106 109 124 127  #SUP: 7208 #CONF: 0.9988913525498891
55 124  ==> 19 37 58 88 91 106 109 127  #SUP: 7208 #CONF: 0.9988913525498891
106 124  ==> 19 37 55 58 88 91 109 127  #SUP: 7208 #CONF: 0.999029799029799
19 124  ==> 37 55 58 88 91 106 109 127  #SUP: 7208 #CONF: 0.9987529444367466
19 106  ==> 37 55 58 88 91 109 124 127  #SUP: 7208 #CONF: 0.9987529444367466
19 109  ==> 37 55 58 88 91 106 124 127  #SUP: 7208 #CONF: 0.9983379501385041
19 88  ==> 37 55 58 91 106 109 124 127  #SUP: 7208 #CONF: 0.9987529444367466
19 127  ==> 37 55 58 88 91 106 109 124  #SUP: 7208 #CONF: 0.9983379501385041
19 37  ==> 55 58 88 91 106 109 124 127  #SUP: 7208 #CONF: 0.9983379501385041
37 55  ==> 19 58 88 91 106 109 124 127  #SUP: 7208 #CONF: 0.9984762432469871
88 124  ==> 19 37 55 58 91 106 109 127  #SUP: 7208 #CONF: 0.999029799029799
37 106  ==> 19 55 58 88 91 109 124 127  #SUP: 7208 #CONF: 0.9987529444367466
55 106  ==> 19 37 58 88 91 109 124 127  #SUP: 7208 #CONF: 0.9988913525498891
19 91  ==> 37 55 58 88 106 109 124 127  #SUP: 7208 #CONF: 0.9983379501385041
37 109  ==> 19 55 58 88 91 106 124 127  #SUP: 7208 #CONF: 0.9983379501385041
37 88  ==> 19 55 58 91 106 109 124 127  #SUP: 7208 #CONF: 0.9987529444367466
106  ==> 19 37 55 58 88 91 109 124 127  #SUP: 7208 #CONF: 0.998614574674425
19  ==> 37 55 58 88 91 106 109 124 127  #SUP: 7208 #CONF: 0.9981996953330564
127  ==> 19 37 55 58 88 91 106 109 124  #SUP: 7208 #CONF: 0.9981996953330564
109  ==> 19 37 55 58 88 91 106 124 127  #SUP: 7208 #CONF: 0.9981996953330564
124  ==> 19 37 55 58 88 91 106 109 127  #SUP: 7208 #CONF: 0.998614574674425
58  ==> 19 37 55 88 91 106 109 124 127  #SUP: 7208 #CONF: 0.9980614788147327
88  ==> 19 37 55 58 91 106 109 124 127  #SUP: 7208 #CONF: 0.998614574674425
91  ==> 19 37 55 58 88 106 109 124 127  #SUP: 7208 #CONF: 0.9981996953330564
55  ==> 19 37 58 88 91 106 109 124 127  #SUP: 7208 #CONF: 0.9983379501385041
37  ==> 19 55 58 88 91 106 109 124 127  #SUP: 7208 #CONF: 0.9981996953330564
34  ==> 37 58  #SUP: 7194 #CONF: 1.0
58  ==> 34 37  #SUP: 7194 #CONF: 0.9961229576294656
19 34  ==> 37 58  #SUP: 7193 #CONF: 1.0
37 109  ==> 34 58 91 127  #SUP: 7193 #CONF: 0.9962603878116344
37 127  ==> 34 58 91 109  #SUP: 7193 #CONF: 0.9962603878116344
34 91  ==> 37 58 109 127  #SUP: 7193 #CONF: 1.0
37 91  ==> 34 58 109 127  #SUP: 7193 #CONF: 0.9962603878116344
34 127  ==> 37 58 91 109  #SUP: 7193 #CONF: 1.0
34 109  ==> 37 58 91 127  #SUP: 7193 #CONF: 1.0
19 37  ==> 34 58  #SUP: 7193 #CONF: 0.9962603878116344
37  ==> 19 34 58  #SUP: 7193 #CONF: 0.9961224207173521
34  ==> 37 58 91 109 127  #SUP: 7193 #CONF: 0.9998609952738393
58  ==> 34 37 91 109 127  #SUP: 7193 #CONF: 0.9959844918305178
109  ==> 34 37 58 91 127  #SUP: 7193 #CONF: 0.9961224207173521
37  ==> 34 58 91 109 127  #SUP: 7193 #CONF: 0.9961224207173521
127  ==> 34 37 58 91 109  #SUP: 7193 #CONF: 0.9961224207173521
91  ==> 34 37 58 109 127  #SUP: 7193 #CONF: 0.9961224207173521
34  ==> 19 37 58  #SUP: 7193 #CONF: 0.9998609952738393
19  ==> 34 37 58  #SUP: 7193 #CONF: 0.9961224207173521
58  ==> 19 34 37  #SUP: 7193 #CONF: 0.9959844918305178
