109  ==> 37 58 91 106 124 127  #SUP: 7214 #CONF: 0.9990306051793381
37 55 91  ==> 58 109 124 127  #SUP: 7215 #CONF: 0.9995843724023276
124  ==> 37 58 91 109 127  #SUP: 7217 #CONF: 0.9998614574674425
58  ==> 19 37 55  #SUP: 7218 #CONF: 0.9994461368042094
58  ==> 19 55  #SUP: 7219 #CONF: 0.9995846026031571
58  ==> 55  #SUP: 7220 #CONF: 0.9997230684021047
37 127  ==> 58 91 109  #SUP: 7220 #CONF: 1.0
58  ==> 37  #SUP: 7221 #CONF: 0.9998615342010524
109  ==> 58 91 127  #SUP: 7221 #CONF: 1.0
58  ==> 91 109 127  #SUP: 7221 #CONF: 0.9998615342010524
127  ==> 58 91 109  #SUP: 7221 #CONF: 1.0
37  ==> 58  #SUP: 7221 #CONF: 1.0
58  ==> 19  #SUP: 7221 #CONF: 0.9998615342010524
91  ==> 58 109 127  #SUP: 7221 #CONF: 1.0
19  ==> 58  #SUP: 7221 #CONF: 1.0
37 91  ==> 58 109 127  #SUP: 7220 #CONF: 1.0
37 109  ==> 58 91 127  #SUP: 7220 #CONF: 1.0
19 109  ==> 58 91 127  #SUP: 7220 #CONF: 1.0
19 127  ==> 58 91 109  #SUP: 7220 #CONF: 1.0
58  ==> 19 91 109 127  #SUP: 7220 #CONF: 0.9997230684021047
19 37  ==> 58  #SUP: 7220 #CONF: 1.0
19 91  ==> 58 109 127  #SUP: 7220 #CONF: 1.0
109  ==> 19 58 91 127  #SUP: 7220 #CONF: 0.9998615150256197
127  ==> 37 58 91 109  #SUP: 7220 #CONF: 0.9998615150256197
91  ==> 19 58 109 127  #SUP: 7220 #CONF: 0.9998615150256197
37  ==> 58 91 109 127  #SUP: 7220 #CONF: 0.9998615150256197
91  ==> 37 58 109 127  #SUP: 7220 #CONF: 0.9998615150256197
127  ==> 19 58 91 109  #SUP: 7220 #CONF: 0.9998615150256197
19  ==> 58 91 109 127  #SUP: 7220 #CONF: 0.9998615150256197
58  ==> 37 91 109 127  #SUP: 7220 #CONF: 0.9997230684021047
109  ==> 37 58 91 127  #SUP: 7220 #CONF: 0.9998615150256197
58  ==> 19 37  #SUP: 7220 #CONF: 0.9997230684021047
37  ==> 19 58  #SUP: 7220 #CONF: 0.9998615150256197
55  ==> 58  #SUP: 7220 #CONF: 1.0
19  ==> 37 58  #SUP: 7220 #CONF: 0.9998615150256197
37 55  ==> 58  #SUP: 7219 #CONF: 1.0
19 37  ==> 58 91 109 127  #SUP: 7219 #CONF: 0.9998614958448754
37 127  ==> 19 58 91 109  #SUP: 7219 #CONF: 0.9998614958448754
19 127  ==> 37 58 91 109  #SUP: 7219 #CONF: 0.9998614958448754
19 37 127  ==> 58 91 109  #SUP: 7219 #CONF: 1.0
19 37 91  ==> 58 109 127  #SUP: 7219 #CONF: 1.0
19 37 109  ==> 58 91 127  #SUP: 7219 #CONF: 1.0
37 91  ==> 19 58 109 127  #SUP: 7219 #CONF: 0.9998614958448754
19 91  ==> 37 58 109 127  #SUP: 7219 #CONF: 0.9998614958448754
19 109  ==> 37 58 91 127  #SUP: 7219 #CONF: 0.9998614958448754
37 109  ==> 19 58 91 127  #SUP: 7219 #CONF: 0.9998614958448754
55 91  ==> 58 109 127  #SUP: 7219 #CONF: 1.0
55 109  ==> 58 91 127  #SUP: 7219 #CONF: 1.0
55 127  ==> 58 91 109  #SUP: 7219 #CONF: 1.0
19 55  ==> 58  #SUP: 7219 #CONF: 1.0
91  ==> 19 37 58 109 127  #SUP: 7219 #CONF: 0.9997230300512394
58  ==> 19 37 91 109 127  #SUP: 7219 #CONF: 0.9995846026031571
37  ==> 19 58 91 109 127  #SUP: 7219 #CONF: 0.9997230300512394
19  ==> 37 58 91 109 127  #SUP: 7219 #CONF: 0.9997230300512394
109  ==> 19 37 58 91 127  #SUP: 7219 #CONF: 0.9997230300512394
55  ==> 58 91 109 127  #SUP: 7219 #CONF: 0.9998614958448754
58  ==> 55 91 109 127  #SUP: 7219 #CONF: 0.9995846026031571
127  ==> 19 37 58 91 109  #SUP: 7219 #CONF: 0.9997230300512394
109  ==> 55 58 91 127  #SUP: 7219 #CONF: 0.9997230300512394
127  ==> 55 58 91 109  #SUP: 7219 #CONF: 0.9997230300512394
91  ==> 55 58 109 127  #SUP: 7219 #CONF: 0.9997230300512394
37  ==> 55 58  #SUP: 7219 #CONF: 0.9997230300512394
19  ==> 55 58  #SUP: 7219 #CONF: 0.9997230300512394
55  ==> 37 58  #SUP: 7219 #CONF: 0.9998614958448754
58  ==> 37 55  #SUP: 7219 #CONF: 0.9995846026031571
55  ==> 19 58  #SUP: 7219 #CONF: 0.9998614958448754
19 91  ==> 55 58 109 127  #SUP: 7218 #CONF: 0.9997229916897507
37 91  ==> 55 58 109 127  #SUP: 7218 #CONF: 0.9997229916897507
19 55 127  ==> 58 91 109  #SUP: 7218 #CONF: 1.0
37 55 109  ==> 58 91 127  #SUP: 7218 #CONF: 1.0
19 55 91  ==> 58 109 127  #SUP: 7218 #CONF: 1.0
37 55 91  ==> 58 109 127  #SUP: 7218 #CONF: 1.0
37 55 127  ==> 58 91 109  #SUP: 7218 #CONF: 1.0
19 55 109  ==> 58 91 127  #SUP: 7218 #CONF: 1.0
55 127  ==> 19 58 91 109  #SUP: 7218 #CONF: 0.999861476658817
19 37 55  ==> 58  #SUP: 7218 #CONF: 1.0
55 109  ==> 19 58 91 127  #SUP: 7218 #CONF: 0.999861476658817
37 109  ==> 55 58 91 127  #SUP: 7218 #CONF: 0.9997229916897507
55 109  ==> 37 58 91 127  #SUP: 7218 #CONF: 0.999861476658817
19 55  ==> 58 91 109 127  #SUP: 7218 #CONF: 0.999861476658817
19 127  ==> 55 58 91 109  #SUP: 7218 #CONF: 0.9997229916897507
37 55  ==> 58 91 109 127  #SUP: 7218 #CONF: 0.999861476658817
19 109  ==> 55 58 91 127  #SUP: 7218 #CONF: 0.9997229916897507
37 127  ==> 55 58 91 109  #SUP: 7218 #CONF: 0.9997229916897507
55 91  ==> 37 58 109 127  #SUP: 7218 #CONF: 0.999861476658817
55 91  ==> 19 58 109 127  #SUP: 7218 #CONF: 0.999861476658817
55 127  ==> 37 58 91 109  #SUP: 7218 #CONF: 0.999861476658817
19  ==> 55 58 91 109 127  #SUP: 7218 #CONF: 0.9995845450768591
55  ==> 19 58 91 109 127  #SUP: 7218 #CONF: 0.9997229916897507
37 55  ==> 19 58  #SUP: 7218 #CONF: 0.999861476658817
19 37  ==> 55 58  #SUP: 7218 #CONF: 0.9997229916897507
19 55  ==> 37 58  #SUP: 7218 #CONF: 0.999861476658817
55  ==> 37 58 91 109 127  #SUP: 7218 #CONF: 0.9997229916897507
109  ==> 37 55 58 91 127  #SUP: 7218 #CONF: 0.9995845450768591
109  ==> 19 55 58 91 127  #SUP: 7218 #CONF: 0.9995845450768591
127  ==> 19 55 58 91 109  #SUP: 7218 #CONF: 0.9995845450768591
127  ==> 37 55 58 91 109  #SUP: 7218 #CONF: 0.9995845450768591
37  ==> 55 58 91 109 127  #SUP: 7218 #CONF: 0.9995845450768591
58  ==> 37 55 91 109 127  #SUP: 7218 #CONF: 0.9994461368042094
91  ==> 19 55 58 109 127  #SUP: 7218 #CONF: 0.9995845450768591
91  ==> 37 55 58 109 127  #SUP: 7218 #CONF: 0.9995845450768591
58  ==> 19 55 91 109 127  #SUP: 7218 #CONF: 0.9994461368042094
127  ==> 58 91 109 124  #SUP: 7218 #CONF: 0.9995845450768591
109  ==> 58 91 106 127  #SUP: 7218 #CONF: 0.9995845450768591
127  ==> 58 91 106 109  #SUP: 7218 #CONF: 0.9995845450768591
106  ==> 58 91 109 127  #SUP: 7218 #CONF: 1.0
91  ==> 58 106 109 127  #SUP: 7218 #CONF: 0.9995845450768591
88  ==> 58 91 109 127  #SUP: 7218 #CONF: 1.0
58  ==> 91 109 124 127  #SUP: 7218 #CONF: 0.9994461368042094
109  ==> 58 91 124 127  #SUP: 7218 #CONF: 0.9995845450768591
91  ==> 58 88 109 127  #SUP: 7218 #CONF: 0.9995845450768591
58  ==> 88 91 109 127  #SUP: 7218 #CONF: 0.9994461368042094
124  ==> 58 91 109 127  #SUP: 7218 #CONF: 1.0
109  ==> 58 88 91 127  #SUP: 7218 #CONF: 0.9995845450768591
91  ==> 58 109 124 127  #SUP: 7218 #CONF: 0.9995845450768591
55  ==> 19 37 58  #SUP: 7218 #CONF: 0.9997229916897507
58  ==> 91 106 109 127  #SUP: 7218 #CONF: 0.9994461368042094
127  ==> 58 88 91 109  #SUP: 7218 #CONF: 0.9995845450768591
37  ==> 19 55 58  #SUP: 7218 #CONF: 0.9995845450768591
19  ==> 37 55 58  #SUP: 7218 #CONF: 0.9995845450768591
19 109  ==> 58 88 91 127  #SUP: 7217 #CONF: 0.999584487534626
19 109  ==> 58 91 124 127  #SUP: 7217 #CONF: 0.999584487534626
19 37 91  ==> 55 58 109 127  #SUP: 7217 #CONF: 0.999722953317634
19 37 55  ==> 58 91 109 127  #SUP: 7217 #CONF: 0.9998614574674425
37 55 91  ==> 19 58 109 127  #SUP: 7217 #CONF: 0.9998614574674425
19 37 55 109  ==> 58 91 127  #SUP: 7217 #CONF: 1.0
19 37 55 91  ==> 58 109 127  #SUP: 7217 #CONF: 1.0
19 37 55 127  ==> 58 91 109  #SUP: 7217 #CONF: 1.0
37 55 109  ==> 19 58 91 127  #SUP: 7217 #CONF: 0.9998614574674425
19 37 109  ==> 55 58 91 127  #SUP: 7217 #CONF: 0.999722953317634
19 55 109  ==> 37 58 91 127  #SUP: 7217 #CONF: 0.9998614574674425
19 37 127  ==> 55 58 91 109  #SUP: 7217 #CONF: 0.999722953317634
37 55 127  ==> 19 58 91 109  #SUP: 7217 #CONF: 0.9998614574674425
19 55 127  ==> 37 58 91 109  #SUP: 7217 #CONF: 0.9998614574674425
19 55 91  ==> 37 58 109 127  #SUP: 7217 #CONF: 0.9998614574674425
19 55  ==> 37 58 91 109 127  #SUP: 7217 #CONF: 0.999722953317634
37 91  ==> 19 55 58 109 127  #SUP: 7217 #CONF: 0.999584487534626
19 127  ==> 37 55 58 91 109  #SUP: 7217 #CONF: 0.999584487534626
37 127  ==> 19 55 58 91 109  #SUP: 7217 #CONF: 0.999584487534626
19 37  ==> 55 58 91 109 127  #SUP: 7217 #CONF: 0.999584487534626
19 109  ==> 37 55 58 91 127  #SUP: 7217 #CONF: 0.999584487534626
37 109  ==> 19 55 58 91 127  #SUP: 7217 #CONF: 0.999584487534626
19 91  ==> 37 55 58 109 127  #SUP: 7217 #CONF: 0.999584487534626
55 109  ==> 19 37 58 91 127  #SUP: 7217 #CONF: 0.999722953317634
55 127  ==> 19 37 58 91 109  #SUP: 7217 #CONF: 0.999722953317634
37 55  ==> 19 58 91 109 127  #SUP: 7217 #CONF: 0.999722953317634
55 91  ==> 19 37 58 109 127  #SUP: 7217 #CONF: 0.999722953317634
19 106  ==> 58 91 109 127  #SUP: 7217 #CONF: 1.0
37 127  ==> 58 91 109 124  #SUP: 7217 #CONF: 0.999584487534626
37 127  ==> 58 91 106 109  #SUP: 7217 #CONF: 0.999584487534626
19 124  ==> 58 91 109 127  #SUP: 7217 #CONF: 1.0
37 109  ==> 58 91 106 127  #SUP: 7217 #CONF: 0.999584487534626
19 91  ==> 58 88 109 127  #SUP: 7217 #CONF: 0.999584487534626
19 91  ==> 58 106 109 127  #SUP: 7217 #CONF: 0.999584487534626
19 91  ==> 58 109 124 127  #SUP: 7217 #CONF: 0.999584487534626
37 106  ==> 58 91 109 127  #SUP: 7217 #CONF: 1.0
19 127  ==> 58 88 91 109  #SUP: 7217 #CONF: 0.999584487534626
37 88  ==> 58 91 109 127  #SUP: 7217 #CONF: 1.0
37 109  ==> 58 88 91 127  #SUP: 7217 #CONF: 0.999584487534626
19 127  ==> 58 91 109 124  #SUP: 7217 #CONF: 0.999584487534626
37 109  ==> 58 91 124 127  #SUP: 7217 #CONF: 0.999584487534626
37 91  ==> 58 109 124 127  #SUP: 7217 #CONF: 0.999584487534626
19 127  ==> 58 91 106 109  #SUP: 7217 #CONF: 0.999584487534626
37 127  ==> 58 88 91 109  #SUP: 7217 #CONF: 0.999584487534626
37 91  ==> 58 88 109 127  #SUP: 7217 #CONF: 0.999584487534626
19 109  ==> 58 91 106 127  #SUP: 7217 #CONF: 0.999584487534626
37 91  ==> 58 106 109 127  #SUP: 7217 #CONF: 0.999584487534626
37 124  ==> 58 91 109 127  #SUP: 7217 #CONF: 1.0
127  ==> 19 58 91 109 124  #SUP: 7217 #CONF: 0.9994460601024788
58  ==> 19 37 55 91 109 127  #SUP: 7217 #CONF: 0.9993076710052617
37  ==> 19 55 58 91 109 127  #SUP: 7217 #CONF: 0.9994460601024788
19 88  ==> 58 91 109 127  #SUP: 7217 #CONF: 1.0
55  ==> 19 37 58 91 109 127  #SUP: 7217 #CONF: 0.999584487534626
19  ==> 37 55 58 91 109 127  #SUP: 7217 #CONF: 0.9994460601024788
91  ==> 19 37 55 58 109 127  #SUP: 7217 #CONF: 0.9994460601024788
58  ==> 19 91 109 124 127  #SUP: 7217 #CONF: 0.9993076710052617
109  ==> 19 37 55 58 91 127  #SUP: 7217 #CONF: 0.9994460601024788
127  ==> 19 37 55 58 91 109  #SUP: 7217 #CONF: 0.9994460601024788
19  ==> 58 91 106 109 127  #SUP: 7217 #CONF: 0.9994460601024788
37  ==> 58 88 91 109 127  #SUP: 7217 #CONF: 0.9994460601024788
91  ==> 37 58 109 124 127  #SUP: 7217 #CONF: 0.9994460601024788
58  ==> 37 91 106 109 127  #SUP: 7217 #CONF: 0.9993076710052617
127  ==> 19 58 88 91 109  #SUP: 7217 #CONF: 0.9994460601024788
91  ==> 37 58 106 109 127  #SUP: 7217 #CONF: 0.9994460601024788
58  ==> 19 88 91 109 127  #SUP: 7217 #CONF: 0.9993076710052617
58  ==> 19 91 106 109 127  #SUP: 7217 #CONF: 0.9993076710052617
88  ==> 37 58 91 109 127  #SUP: 7217 #CONF: 0.9998614574674425
91  ==> 19 58 109 124 127  #SUP: 7217 #CONF: 0.9994460601024788
127  ==> 19 58 91 106 109  #SUP: 7217 #CONF: 0.9994460601024788
19  ==> 58 91 109 124 127  #SUP: 7217 #CONF: 0.9994460601024788
109  ==> 37 58 91 124 127  #SUP: 7217 #CONF: 0.9994460601024788
37  ==> 58 91 109 124 127  #SUP: 7217 #CONF: 0.9994460601024788
37  ==> 58 91 106 109 127  #SUP: 7217 #CONF: 0.9994460601024788
109  ==> 37 58 91 106 127  #SUP: 7217 #CONF: 0.9994460601024788
91  ==> 19 58 106 109 127  #SUP: 7217 #CONF: 0.9994460601024788
106  ==> 37 58 91 109 127  #SUP: 7217 #CONF: 0.9998614574674425
91  ==> 37 58 88 109 127  #SUP: 7217 #CONF: 0.9994460601024788
88  ==> 19 58 91 109 127  #SUP: 7217 #CONF: 0.9998614574674425
58  ==> 37 91 109 124 127  #SUP: 7217 #CONF: 0.9993076710052617
109  ==> 37 58 88 91 127  #SUP: 7217 #CONF: 0.9994460601024788
19  ==> 58 88 91 109 127  #SUP: 7217 #CONF: 0.9994460601024788
91  ==> 19 58 88 109 127  #SUP: 7217 #CONF: 0.9994460601024788
124  ==> 19 58 91 109 127  #SUP: 7217 #CONF: 0.9998614574674425
127  ==> 37 58 91 109 124  #SUP: 7217 #CONF: 0.9994460601024788
109  ==> 19 58 91 106 127  #SUP: 7217 #CONF: 0.9994460601024788
127  ==> 37 58 91 106 109  #SUP: 7217 #CONF: 0.9994460601024788
127  ==> 37 58 88 91 109  #SUP: 7217 #CONF: 0.9994460601024788
58  ==> 37 88 91 109 127  #SUP: 7217 #CONF: 0.9993076710052617
109  ==> 19 58 91 124 127  #SUP: 7217 #CONF: 0.9994460601024788
109  ==> 19 58 88 91 127  #SUP: 7217 #CONF: 0.9994460601024788
106  ==> 19 58 91 109 127  #SUP: 7217 #CONF: 0.9998614574674425
55 127  ==> 58 91 106 109  #SUP: 7216 #CONF: 0.999584429976451
37 91  ==> 19 58 88 109 127  #SUP: 7216 #CONF: 0.9994459833795014
19 37 109  ==> 58 88 91 127  #SUP: 7216 #CONF: 0.999584429976451
19 37 127  ==> 58 91 109 124  #SUP: 7216 #CONF: 0.999584429976451
19 37 109  ==> 58 91 124 127  #SUP: 7216 #CONF: 0.999584429976451
19 37 91  ==> 58 109 124 127  #SUP: 7216 #CONF: 0.999584429976451
19 37 127  ==> 58 88 91 109  #SUP: 7216 #CONF: 0.999584429976451
19 37 127  ==> 58 91 106 109  #SUP: 7216 #CONF: 0.999584429976451
19 37 88  ==> 58 91 109 127  #SUP: 7216 #CONF: 1.0
19 37 106  ==> 58 91 109 127  #SUP: 7216 #CONF: 1.0
19 37 91  ==> 58 88 109 127  #SUP: 7216 #CONF: 0.999584429976451
19 37 109  ==> 58 91 106 127  #SUP: 7216 #CONF: 0.999584429976451
19 37 91  ==> 58 106 109 127  #SUP: 7216 #CONF: 0.999584429976451
19 37 124  ==> 58 91 109 127  #SUP: 7216 #CONF: 1.0
19 127  ==> 37 58 91 109 124  #SUP: 7216 #CONF: 0.9994459833795014
19 91  ==> 37 58 106 109 127  #SUP: 7216 #CONF: 0.9994459833795014
19 109  ==> 37 58 91 124 127  #SUP: 7216 #CONF: 0.9994459833795014
19 109  ==> 37 58 91 106 127  #SUP: 7216 #CONF: 0.9994459833795014
19 91  ==> 37 58 109 124 127  #SUP: 7216 #CONF: 0.9994459833795014
37 106  ==> 19 58 91 109 127  #SUP: 7216 #CONF: 0.9998614382707496
19 127  ==> 37 58 88 91 109  #SUP: 7216 #CONF: 0.9994459833795014
37 109  ==> 19 58 91 106 127  #SUP: 7216 #CONF: 0.9994459833795014
19 109  ==> 37 58 88 91 127  #SUP: 7216 #CONF: 0.9994459833795014
37 127  ==> 19 58 91 106 109  #SUP: 7216 #CONF: 0.9994459833795014
37 109  ==> 19 58 91 124 127  #SUP: 7216 #CONF: 0.9994459833795014
19 127  ==> 37 58 91 106 109  #SUP: 7216 #CONF: 0.9994459833795014
19 88  ==> 37 58 91 109 127  #SUP: 7216 #CONF: 0.9998614382707496
19 91  ==> 37 58 88 109 127  #SUP: 7216 #CONF: 0.9994459833795014
19 37  ==> 58 91 106 109 127  #SUP: 7216 #CONF: 0.9994459833795014
37 109  ==> 19 58 88 91 127  #SUP: 7216 #CONF: 0.9994459833795014
37 127  ==> 19 58 91 109 124  #SUP: 7216 #CONF: 0.9994459833795014
37 124  ==> 19 58 91 109 127  #SUP: 7216 #CONF: 0.9998614382707496
37 127  ==> 19 58 88 91 109  #SUP: 7216 #CONF: 0.9994459833795014
37 91  ==> 19 58 109 124 127  #SUP: 7216 #CONF: 0.9994459833795014
37 91  ==> 19 58 106 109 127  #SUP: 7216 #CONF: 0.9994459833795014
19 124  ==> 37 58 91 109 127  #SUP: 7216 #CONF: 0.9998614382707496
55 106  ==> 58 91 109 127  #SUP: 7216 #CONF: 1.0
55 91  ==> 58 106 109 127  #SUP: 7216 #CONF: 0.999584429976451
19 37  ==> 58 88 91 109 127  #SUP: 7216 #CONF: 0.9994459833795014
19 37  ==> 58 91 109 124 127  #SUP: 7216 #CONF: 0.9994459833795014
19 106  ==> 37 58 91 109 127  #SUP: 7216 #CONF: 0.9998614382707496
37 88  ==> 19 58 91 109 127  #SUP: 7216 #CONF: 0.9998614382707496
55 91  ==> 58 109 124 127  #SUP: 7216 #CONF: 0.999584429976451
55 109  ==> 58 91 106 127  #SUP: 7216 #CONF: 0.999584429976451
55 127  ==> 58 91 109 124  #SUP: 7216 #CONF: 0.999584429976451
55 124  ==> 58 91 109 127  #SUP: 7216 #CONF: 1.0
55 88  ==> 58 91 109 127  #SUP: 7216 #CONF: 1.0
55 109  ==> 58 91 124 127  #SUP: 7216 #CONF: 0.999584429976451
55 91  ==> 58 88 109 127  #SUP: 7216 #CONF: 0.999584429976451
124  ==> 55 58 91 109 127  #SUP: 7216 #CONF: 0.999722914934885
19  ==> 37 58 91 109 124 127  #SUP: 7216 #CONF: 0.9993075751280986
91  ==> 19 37 58 109 124 127  #SUP: 7216 #CONF: 0.9993075751280986
55 127  ==> 58 88 91 109  #SUP: 7216 #CONF: 0.999584429976451
55 109  ==> 58 88 91 127  #SUP: 7216 #CONF: 0.999584429976451
58  ==> 19 37 91 106 109 127  #SUP: 7216 #CONF: 0.999169205206314
37  ==> 19 58 91 106 109 127  #SUP: 7216 #CONF: 0.9993075751280986
37  ==> 19 58 88 91 109 127  #SUP: 7216 #CONF: 0.9993075751280986
109  ==> 19 37 58 88 91 127  #SUP: 7216 #CONF: 0.9993075751280986
88  ==> 19 37 58 91 109 127  #SUP: 7216 #CONF: 0.999722914934885
37  ==> 19 58 91 109 124 127  #SUP: 7216 #CONF: 0.9993075751280986
109  ==> 19 37 58 91 124 127  #SUP: 7216 #CONF: 0.9993075751280986
127  ==> 19 37 58 91 109 124  #SUP: 7216 #CONF: 0.9993075751280986
127  ==> 55 58 91 109 124  #SUP: 7216 #CONF: 0.9993075751280986
91  ==> 19 37 58 88 109 127  #SUP: 7216 #CONF: 0.9993075751280986
127  ==> 19 37 58 88 91 109  #SUP: 7216 #CONF: 0.9993075751280986
19  ==> 37 58 91 106 109 127  #SUP: 7216 #CONF: 0.9993075751280986
58  ==> 19 37 91 109 124 127  #SUP: 7216 #CONF: 0.999169205206314
106  ==> 19 37 58 91 109 127  #SUP: 7216 #CONF: 0.999722914934885
127  ==> 19 37 58 91 106 109  #SUP: 7216 #CONF: 0.9993075751280986
58  ==> 19 37 88 91 109 127  #SUP: 7216 #CONF: 0.999169205206314
124  ==> 19 37 58 91 109 127  #SUP: 7216 #CONF: 0.999722914934885
109  ==> 19 37 58 91 106 127  #SUP: 7216 #CONF: 0.9993075751280986
91  ==> 19 37 58 106 109 127  #SUP: 7216 #CONF: 0.9993075751280986
19  ==> 37 58 88 91 109 127  #SUP: 7216 #CONF: 0.9993075751280986
127  ==> 55 58 91 106 109  #SUP: 7216 #CONF: 0.9993075751280986
58  ==> 55 91 106 109 127  #SUP: 7216 #CONF: 0.999169205206314
91  ==> 55 58 88 109 127  #SUP: 7216 #CONF: 0.9993075751280986
109  ==> 55 58 91 106 127  #SUP: 7216 #CONF: 0.9993075751280986
106  ==> 55 58 91 109 127  #SUP: 7216 #CONF: 0.999722914934885
55  ==> 58 91 109 124 127  #SUP: 7216 #CONF: 0.9994459833795014
109  ==> 55 58 91 124 127  #SUP: 7216 #CONF: 0.9993075751280986
91  ==> 55 58 106 109 127  #SUP: 7216 #CONF: 0.9993075751280986
127  ==> 55 58 88 91 109  #SUP: 7216 #CONF: 0.9993075751280986
91  ==> 55 58 109 124 127  #SUP: 7216 #CONF: 0.9993075751280986
58  ==> 55 91 109 124 127  #SUP: 7216 #CONF: 0.999169205206314
109  ==> 55 58 88 91 127  #SUP: 7216 #CONF: 0.9993075751280986
88  ==> 55 58 91 109 127  #SUP: 7216 #CONF: 0.999722914934885
58  ==> 55 88 91 109 127  #SUP: 7216 #CONF: 0.999169205206314
55  ==> 58 91 106 109 127  #SUP: 7216 #CONF: 0.9994459833795014
55  ==> 58 88 91 109 127  #SUP: 7216 #CONF: 0.9994459833795014
37 55 106  ==> 58 91 109 127  #SUP: 7215 #CONF: 1.0
37 55 109  ==> 58 88 91 127  #SUP: 7215 #CONF: 0.9995843724023276
19 55 127  ==> 58 88 91 109  #SUP: 7215 #CONF: 0.9995843724023276
19 55 106  ==> 58 91 109 127  #SUP: 7215 #CONF: 1.0
19 55 124  ==> 58 91 109 127  #SUP: 7215 #CONF: 1.0
19 55 127  ==> 58 91 106 109  #SUP: 7215 #CONF: 0.9995843724023276
19 55 91  ==> 58 109 124 127  #SUP: 7215 #CONF: 0.9995843724023276
37 55 109  ==> 58 91 124 127  #SUP: 7215 #CONF: 0.9995843724023276
19 55 91  ==> 58 106 109 127  #SUP: 7215 #CONF: 0.9995843724023276
37 55 127  ==> 58 91 109 124  #SUP: 7215 #CONF: 0.9995843724023276
37 55 127  ==> 58 88 91 109  #SUP: 7215 #CONF: 0.9995843724023276
37 55 91  ==> 58 106 109 127  #SUP: 7215 #CONF: 0.9995843724023276
19 55 91  ==> 58 88 109 127  #SUP: 7215 #CONF: 0.9995843724023276
19 55 109  ==> 58 91 106 127  #SUP: 7215 #CONF: 0.9995843724023276
19 55 127  ==> 58 91 109 124  #SUP: 7215 #CONF: 0.9995843724023276
19 55 109  ==> 58 91 124 127  #SUP: 7215 #CONF: 0.9995843724023276
37 55 88  ==> 58 91 109 127  #SUP: 7215 #CONF: 1.0
37 55 124  ==> 58 91 109 127  #SUP: 7215 #CONF: 1.0
37 55 109  ==> 58 91 106 127  #SUP: 7215 #CONF: 0.9995843724023276
37 55 91  ==> 58 88 109 127  #SUP: 7215 #CONF: 0.9995843724023276
19 55 109  ==> 58 88 91 127  #SUP: 7215 #CONF: 0.9995843724023276
19 55 88  ==> 58 91 109 127  #SUP: 7215 #CONF: 1.0
37 55 127  ==> 58 91 106 109  #SUP: 7215 #CONF: 0.9995843724023276
19 55 127  ==> 37 58 91 109 124  #SUP: 7214 #CONF: 0.99944582986977
58  ==> 88 91 109 124 127  #SUP: 7215 #CONF: 0.9990307394073664
88 124  ==> 58 91 109 127  #SUP: 7215 #CONF: 1.0
55 127  ==> 19 58 91 106 109  #SUP: 7215 #CONF: 0.999445906635268
19 55  ==> 58 88 91 109 127  #SUP: 7215 #CONF: 0.999445906635268
55 127  ==> 19 58 91 109 124  #SUP: 7215 #CONF: 0.999445906635268
19 127  ==> 55 58 91 109 124  #SUP: 7215 #CONF: 0.9993074792243767
37 91  ==> 55 58 106 109 127  #SUP: 7215 #CONF: 0.9993074792243767
55 109  ==> 37 58 91 124 127  #SUP: 7215 #CONF: 0.999445906635268
55 109  ==> 37 58 88 91 127  #SUP: 7215 #CONF: 0.999445906635268
55 127  ==> 37 58 91 109 124  #SUP: 7215 #CONF: 0.999445906635268
37 106  ==> 55 58 91 109 127  #SUP: 7215 #CONF: 0.9997228765414993
37 124  ==> 55 58 91 109 127  #SUP: 7215 #CONF: 0.9997228765414993
55 109  ==> 19 58 91 124 127  #SUP: 7215 #CONF: 0.999445906635268
55 91  ==> 19 58 88 109 127  #SUP: 7215 #CONF: 0.999445906635268
55 127  ==> 19 58 88 91 109  #SUP: 7215 #CONF: 0.999445906635268
19 109  ==> 55 58 88 91 127  #SUP: 7215 #CONF: 0.9993074792243767
37 55  ==> 58 91 109 124 127  #SUP: 7215 #CONF: 0.999445906635268
19 55  ==> 58 91 106 109 127  #SUP: 7215 #CONF: 0.999445906635268
19 106  ==> 55 58 91 109 127  #SUP: 7215 #CONF: 0.9997228765414993
55 124  ==> 37 58 91 109 127  #SUP: 7215 #CONF: 0.9998614190687362
19 127  ==> 55 58 88 91 109  #SUP: 7215 #CONF: 0.9993074792243767
37 55  ==> 58 88 91 109 127  #SUP: 7215 #CONF: 0.999445906635268
37 127  ==> 55 58 88 91 109  #SUP: 7215 #CONF: 0.9993074792243767
55 127  ==> 37 58 88 91 109  #SUP: 7215 #CONF: 0.999445906635268
55 91  ==> 37 58 109 124 127  #SUP: 7215 #CONF: 0.999445906635268
19 91  ==> 55 58 109 124 127  #SUP: 7215 #CONF: 0.9993074792243767
19 109  ==> 55 58 91 124 127  #SUP: 7215 #CONF: 0.9993074792243767
19 91  ==> 55 58 88 109 127  #SUP: 7215 #CONF: 0.9993074792243767
55 88  ==> 37 58 91 109 127  #SUP: 7215 #CONF: 0.9998614190687362
55 109  ==> 37 58 91 106 127  #SUP: 7215 #CONF: 0.999445906635268
19 88  ==> 55 58 91 109 127  #SUP: 7215 #CONF: 0.9997228765414993
37 109  ==> 55 58 91 106 127  #SUP: 7215 #CONF: 0.9993074792243767
19 124  ==> 55 58 91 109 127  #SUP: 7215 #CONF: 0.9997228765414993
37 91  ==> 55 58 88 109 127  #SUP: 7215 #CONF: 0.9993074792243767
55 109  ==> 19 58 88 91 127  #SUP: 7215 #CONF: 0.999445906635268
55 91  ==> 37 58 106 109 127  #SUP: 7215 #CONF: 0.999445906635268
55 91  ==> 19 58 109 124 127  #SUP: 7215 #CONF: 0.999445906635268
55 91  ==> 37 58 88 109 127  #SUP: 7215 #CONF: 0.999445906635268
55 88  ==> 19 58 91 109 127  #SUP: 7215 #CONF: 0.9998614190687362
55 106  ==> 37 58 91 109 127  #SUP: 7215 #CONF: 0.9998614190687362
37 127  ==> 55 58 91 109 124  #SUP: 7215 #CONF: 0.9993074792243767
19 55  ==> 58 91 109 124 127  #SUP: 7215 #CONF: 0.999445906635268
37 109  ==> 55 58 91 124 127  #SUP: 7215 #CONF: 0.9993074792243767
55 127  ==> 37 58 91 106 109  #SUP: 7215 #CONF: 0.999445906635268
55 106  ==> 19 58 91 109 127  #SUP: 7215 #CONF: 0.9998614190687362
37 109  ==> 55 58 88 91 127  #SUP: 7215 #CONF: 0.9993074792243767
55 109  ==> 19 58 91 106 127  #SUP: 7215 #CONF: 0.999445906635268
19 91  ==> 55 58 106 109 127  #SUP: 7215 #CONF: 0.9993074792243767
37 88  ==> 55 58 91 109 127  #SUP: 7215 #CONF: 0.9997228765414993
37 91  ==> 55 58 109 124 127  #SUP: 7215 #CONF: 0.9993074792243767
37 127  ==> 55 58 91 106 109  #SUP: 7215 #CONF: 0.9993074792243767
37 55  ==> 58 91 106 109 127  #SUP: 7215 #CONF: 0.999445906635268
19 109  ==> 55 58 91 106 127  #SUP: 7215 #CONF: 0.9993074792243767
19 127  ==> 55 58 91 106 109  #SUP: 7215 #CONF: 0.9993074792243767
55 91  ==> 19 58 106 109 127  #SUP: 7215 #CONF: 0.999445906635268
55 124  ==> 19 58 91 109 127  #SUP: 7215 #CONF: 0.9998614190687362
106 124  ==> 58 91 109 127  #SUP: 7215 #CONF: 1.0
88 106  ==> 58 91 109 127  #SUP: 7215 #CONF: 1.0
55  ==> 37 58 91 109 124 127  #SUP: 7215 #CONF: 0.9993074792243767
127  ==> 19 55 58 91 106 109  #SUP: 7215 #CONF: 0.9991690901537184
55  ==> 37 58 91 106 109 127  #SUP: 7215 #CONF: 0.9993074792243767
91  ==> 19 55 58 88 109 127  #SUP: 7215 #CONF: 0.9991690901537184
127  ==> 37 55 58 88 91 109  #SUP: 7215 #CONF: 0.9991690901537184
58  ==> 19 55 91 109 124 127  #SUP: 7215 #CONF: 0.9990307394073664
55  ==> 19 58 88 91 109 127  #SUP: 7215 #CONF: 0.9993074792243767
124  ==> 37 55 58 91 109 127  #SUP: 7215 #CONF: 0.9995843724023276
88  ==> 37 55 58 91 109 127  #SUP: 7215 #CONF: 0.9995843724023276
109  ==> 37 55 58 91 106 127  #SUP: 7215 #CONF: 0.9991690901537184
109  ==> 19 55 58 91 106 127  #SUP: 7215 #CONF: 0.9991690901537184
58  ==> 19 55 91 106 109 127  #SUP: 7215 #CONF: 0.9990307394073664
127  ==> 19 55 58 88 91 109  #SUP: 7215 #CONF: 0.9991690901537184
91  ==> 19 55 58 106 109 127  #SUP: 7215 #CONF: 0.9991690901537184
91  ==> 37 55 58 88 109 127  #SUP: 7215 #CONF: 0.9991690901537184
109  ==> 19 55 58 88 91 127  #SUP: 7215 #CONF: 0.9991690901537184
58  ==> 37 55 91 106 109 127  #SUP: 7215 #CONF: 0.9990307394073664
91  ==> 37 55 58 106 109 127  #SUP: 7215 #CONF: 0.9991690901537184
91  ==> 37 55 58 109 124 127  #SUP: 7215 #CONF: 0.9991690901537184
58  ==> 37 55 91 109 124 127  #SUP: 7215 #CONF: 0.9990307394073664
37  ==> 55 58 91 106 109 127  #SUP: 7215 #CONF: 0.9991690901537184
109  ==> 37 55 58 91 124 127  #SUP: 7215 #CONF: 0.9991690901537184
37  ==> 55 58 88 91 109 127  #SUP: 7215 #CONF: 0.9991690901537184
19  ==> 55 58 91 106 109 127  #SUP: 7215 #CONF: 0.9991690901537184
106  ==> 19 55 58 91 109 127  #SUP: 7215 #CONF: 0.9995843724023276
127  ==> 37 55 58 91 106 109  #SUP: 7215 #CONF: 0.9991690901537184
109  ==> 58 88 91 124 127  #SUP: 7215 #CONF: 0.9991690901537184
19  ==> 55 58 91 109 124 127  #SUP: 7215 #CONF: 0.9991690901537184
127  ==> 19 55 58 91 109 124  #SUP: 7215 #CONF: 0.9991690901537184
109  ==> 19 55 58 91 124 127  #SUP: 7215 #CONF: 0.9991690901537184
58  ==> 37 55 88 91 109 127  #SUP: 7215 #CONF: 0.9990307394073664
19  ==> 55 58 88 91 109 127  #SUP: 7215 #CONF: 0.9991690901537184
58  ==> 19 55 88 91 109 127  #SUP: 7215 #CONF: 0.9990307394073664
37  ==> 55 58 91 109 124 127  #SUP: 7215 #CONF: 0.9991690901537184
55  ==> 19 58 91 109 124 127  #SUP: 7215 #CONF: 0.9993074792243767
124  ==> 19 55 58 91 109 127  #SUP: 7215 #CONF: 0.9995843724023276
88  ==> 19 55 58 91 109 127  #SUP: 7215 #CONF: 0.9995843724023276
109  ==> 37 55 58 88 91 127  #SUP: 7215 #CONF: 0.9991690901537184
55  ==> 19 58 91 106 109 127  #SUP: 7215 #CONF: 0.9993074792243767
106  ==> 37 55 58 91 109 127  #SUP: 7215 #CONF: 0.9995843724023276
55  ==> 37 58 88 91 109 127  #SUP: 7215 #CONF: 0.9993074792243767
91  ==> 19 55 58 109 124 127  #SUP: 7215 #CONF: 0.9991690901537184
127  ==> 37 55 58 91 109 124  #SUP: 7215 #CONF: 0.9991690901537184
109  ==> 58 88 91 106 127  #SUP: 7215 #CONF: 0.9991690901537184
127  ==> 58 88 91 109 124  #SUP: 7215 #CONF: 0.9991690901537184
91  ==> 58 106 109 124 127  #SUP: 7215 #CONF: 0.9991690901537184
58  ==> 88 91 106 109 127  #SUP: 7215 #CONF: 0.9990307394073664
124  ==> 58 91 106 109 127  #SUP: 7215 #CONF: 0.9995843724023276
109  ==> 58 91 106 124 127  #SUP: 7215 #CONF: 0.9991690901537184
127  ==> 58 88 91 106 109  #SUP: 7215 #CONF: 0.9991690901537184
88  ==> 58 91 109 124 127  #SUP: 7215 #CONF: 0.9995843724023276
106  ==> 58 91 109 124 127  #SUP: 7215 #CONF: 0.9995843724023276
127  ==> 58 91 106 109 124  #SUP: 7215 #CONF: 0.9991690901537184
91  ==> 58 88 109 124 127  #SUP: 7215 #CONF: 0.9991690901537184
88  ==> 58 91 106 109 127  #SUP: 7215 #CONF: 0.9995843724023276
58  ==> 91 106 109 124 127  #SUP: 7215 #CONF: 0.9990307394073664
124  ==> 58 88 91 109 127  #SUP: 7215 #CONF: 0.9995843724023276
91  ==> 58 88 106 109 127  #SUP: 7215 #CONF: 0.9991690901537184
19 37 55  ==> 58 91 109 124 127  #SUP: 7214 #CONF: 0.99944582986977
19 37 127  ==> 55 58 91 106 109  #SUP: 7214 #CONF: 0.9993073832940851
19 37 55 127  ==> 58 91 109 124  #SUP: 7214 #CONF: 0.9995843148122489
19 37 55 91  ==> 58 88 109 127  #SUP: 7214 #CONF: 0.9995843148122489
106  ==> 58 88 91 109 127  #SUP: 7215 #CONF: 0.9995843724023276
19 37 55 106  ==> 58 91 109 127  #SUP: 7214 #CONF: 1.0
19 37 55 109  ==> 58 91 106 127  #SUP: 7214 #CONF: 0.9995843148122489
19 37 55 109  ==> 58 91 124 127  #SUP: 7214 #CONF: 0.9995843148122489
19 37 55 91  ==> 58 106 109 127  #SUP: 7214 #CONF: 0.9995843148122489
19 37 55 91  ==> 58 109 124 127  #SUP: 7214 #CONF: 0.9995843148122489
19 37 55 124  ==> 58 91 109 127  #SUP: 7214 #CONF: 1.0
19 37 55 109  ==> 58 88 91 127  #SUP: 7214 #CONF: 0.9995843148122489
19 37 55 127  ==> 58 88 91 109  #SUP: 7214 #CONF: 0.9995843148122489
19 37 55 88  ==> 58 91 109 127  #SUP: 7214 #CONF: 1.0
19 37 55 127  ==> 58 91 106 109  #SUP: 7214 #CONF: 0.9995843148122489
19 37 106  ==> 55 58 91 109 127  #SUP: 7214 #CONF: 0.9997228381374723
19 55 91  ==> 37 58 88 109 127  #SUP: 7214 #CONF: 0.99944582986977
19 37 91  ==> 55 58 109 124 127  #SUP: 7214 #CONF: 0.9993073832940851
19 55 127  ==> 37 58 88 91 109  #SUP: 7214 #CONF: 0.99944582986977
37 55 109  ==> 19 58 91 124 127  #SUP: 7214 #CONF: 0.99944582986977
19 55 109  ==> 37 58 91 124 127  #SUP: 7214 #CONF: 0.99944582986977
19 37 88  ==> 55 58 91 109 127  #SUP: 7214 #CONF: 0.9997228381374723
37 55 91  ==> 19 58 109 124 127  #SUP: 7214 #CONF: 0.99944582986977
37 55 88  ==> 19 58 91 109 127  #SUP: 7214 #CONF: 0.9998613998613999
37 55 127  ==> 19 58 88 91 109  #SUP: 7214 #CONF: 0.99944582986977
19 37 109  ==> 55 58 91 106 127  #SUP: 7214 #CONF: 0.9993073832940851
19 37 55  ==> 58 91 106 109 127  #SUP: 7214 #CONF: 0.99944582986977
19 37 127  ==> 55 58 91 109 124  #SUP: 7214 #CONF: 0.9993073832940851
19 55 88  ==> 37 58 91 109 127  #SUP: 7214 #CONF: 0.9998613998613999
37 55 91  ==> 19 58 106 109 127  #SUP: 7214 #CONF: 0.99944582986977
37 55 127  ==> 19 58 91 109 124  #SUP: 7214 #CONF: 0.99944582986977
37 55 127  ==> 19 58 91 106 109  #SUP: 7214 #CONF: 0.99944582986977
37 55 109  ==> 19 58 88 91 127  #SUP: 7214 #CONF: 0.99944582986977
19 55 127  ==> 37 58 91 106 109  #SUP: 7214 #CONF: 0.99944582986977
19 37 91  ==> 55 58 106 109 127  #SUP: 7214 #CONF: 0.9993073832940851
19 37 55  ==> 58 88 91 109 127  #SUP: 7214 #CONF: 0.99944582986977
37 55 91  ==> 19 58 88 109 127  #SUP: 7214 #CONF: 0.99944582986977
37 55 106  ==> 19 58 91 109 127  #SUP: 7214 #CONF: 0.9998613998613999
19 55 91  ==> 37 58 106 109 127  #SUP: 7214 #CONF: 0.99944582986977
19 55 109  ==> 37 58 88 91 127  #SUP: 7214 #CONF: 0.99944582986977
19 55 106  ==> 37 58 91 109 127  #SUP: 7214 #CONF: 0.9998613998613999
19 37 109  ==> 55 58 91 124 127  #SUP: 7214 #CONF: 0.9993073832940851
19 37 109  ==> 55 58 88 91 127  #SUP: 7214 #CONF: 0.9993073832940851
19 37 127  ==> 55 58 88 91 109  #SUP: 7214 #CONF: 0.9993073832940851
19 127  ==> 58 88 91 109 124  #SUP: 7214 #CONF: 0.9991689750692521
37 91  ==> 19 55 58 106 109 127  #SUP: 7214 #CONF: 0.9991689750692521
37 106 124  ==> 58 91 109 127  #SUP: 7214 #CONF: 1.0
19 88 124  ==> 58 91 109 127  #SUP: 7214 #CONF: 1.0
19 55 91  ==> 37 58 109 124 127  #SUP: 7214 #CONF: 0.99944582986977
19 37 124  ==> 55 58 91 109 127  #SUP: 7214 #CONF: 0.9997228381374723
19 55 109  ==> 37 58 91 106 127  #SUP: 7214 #CONF: 0.99944582986977
19 37 91  ==> 55 58 88 109 127  #SUP: 7214 #CONF: 0.9993073832940851
19 55 124  ==> 37 58 91 109 127  #SUP: 7214 #CONF: 0.9998613998613999
37 55 109  ==> 19 58 91 106 127  #SUP: 7214 #CONF: 0.99944582986977
37 55 124  ==> 19 58 91 109 127  #SUP: 7214 #CONF: 0.9998613998613999
37 88 106  ==> 58 91 109 127  #SUP: 7214 #CONF: 1.0
19 106 124  ==> 58 91 109 127  #SUP: 7214 #CONF: 1.0
19 88 106  ==> 58 91 109 127  #SUP: 7214 #CONF: 1.0
37 88 124  ==> 58 91 109 127  #SUP: 7214 #CONF: 1.0
55 127  ==> 19 37 58 91 106 109  #SUP: 7214 #CONF: 0.9993073832940851
55 109  ==> 19 37 58 91 106 127  #SUP: 7214 #CONF: 0.9993073832940851
19 109  ==> 37 55 58 88 91 127  #SUP: 7214 #CONF: 0.9991689750692521
19 109  ==> 37 55 58 91 124 127  #SUP: 7214 #CONF: 0.9991689750692521
55 109  ==> 19 37 58 88 91 127  #SUP: 7214 #CONF: 0.9993073832940851
19 124  ==> 37 55 58 91 109 127  #SUP: 7214 #CONF: 0.9995843148122489
19 55  ==> 37 58 91 106 109 127  #SUP: 7214 #CONF: 0.9993073832940851
37 109  ==> 19 55 58 88 91 127  #SUP: 7214 #CONF: 0.9991689750692521
19 37  ==> 55 58 88 91 109 127  #SUP: 7214 #CONF: 0.9991689750692521
19 88  ==> 37 55 58 91 109 127  #SUP: 7214 #CONF: 0.9995843148122489
55 109  ==> 19 37 58 91 124 127  #SUP: 7214 #CONF: 0.9993073832940851
37 127  ==> 19 55 58 91 109 124  #SUP: 7214 #CONF: 0.9991689750692521
37 109  ==> 19 55 58 91 106 127  #SUP: 7214 #CONF: 0.9991689750692521
19 55  ==> 37 58 91 109 124 127  #SUP: 7214 #CONF: 0.9993073832940851
55 91  ==> 19 37 58 109 124 127  #SUP: 7214 #CONF: 0.9993073832940851
55 88  ==> 19 37 58 91 109 127  #SUP: 7214 #CONF: 0.9997228381374723
37 106  ==> 19 55 58 91 109 127  #SUP: 7214 #CONF: 0.9995843148122489
37 55  ==> 19 58 91 106 109 127  #SUP: 7214 #CONF: 0.9993073832940851
37 91  ==> 19 55 58 109 124 127  #SUP: 7214 #CONF: 0.9991689750692521
55 91  ==> 19 37 58 106 109 127  #SUP: 7214 #CONF: 0.9993073832940851
37 109  ==> 19 55 58 91 124 127  #SUP: 7214 #CONF: 0.9991689750692521
37 127  ==> 19 55 58 88 91 109  #SUP: 7214 #CONF: 0.9991689750692521
55 127  ==> 19 37 58 88 91 109  #SUP: 7214 #CONF: 0.9993073832940851
37 55  ==> 19 58 88 91 109 127  #SUP: 7214 #CONF: 0.9993073832940851
19 127  ==> 37 55 58 88 91 109  #SUP: 7214 #CONF: 0.9991689750692521
19 127  ==> 37 55 58 91 106 109  #SUP: 7214 #CONF: 0.9991689750692521
19 109  ==> 37 55 58 91 106 127  #SUP: 7214 #CONF: 0.9991689750692521
37 88  ==> 19 55 58 91 109 127  #SUP: 7214 #CONF: 0.9995843148122489
19 37  ==> 55 58 91 106 109 127  #SUP: 7214 #CONF: 0.9991689750692521
55 127  ==> 19 37 58 91 109 124  #SUP: 7214 #CONF: 0.9993073832940851
19 127  ==> 37 55 58 91 109 124  #SUP: 7214 #CONF: 0.9991689750692521
55 91  ==> 19 37 58 88 109 127  #SUP: 7214 #CONF: 0.9993073832940851
37 91  ==> 19 55 58 88 109 127  #SUP: 7214 #CONF: 0.9991689750692521
19 55  ==> 37 58 88 91 109 127  #SUP: 7214 #CONF: 0.9993073832940851
19 106  ==> 37 55 58 91 109 127  #SUP: 7214 #CONF: 0.9995843148122489
19 37  ==> 55 58 91 109 124 127  #SUP: 7214 #CONF: 0.9991689750692521
37 124  ==> 19 55 58 91 109 127  #SUP: 7214 #CONF: 0.9995843148122489
55 106  ==> 19 37 58 91 109 127  #SUP: 7214 #CONF: 0.9997228381374723
19 91  ==> 37 55 58 106 109 127  #SUP: 7214 #CONF: 0.9991689750692521
37 55  ==> 19 58 91 109 124 127  #SUP: 7214 #CONF: 0.9993073832940851
55 124  ==> 19 37 58 91 109 127  #SUP: 7214 #CONF: 0.9997228381374723
37 127  ==> 19 55 58 91 106 109  #SUP: 7214 #CONF: 0.9991689750692521
19 91  ==> 37 55 58 88 109 127  #SUP: 7214 #CONF: 0.9991689750692521
19 91  ==> 37 55 58 109 124 127  #SUP: 7214 #CONF: 0.9991689750692521
37 91  ==> 58 88 109 124 127  #SUP: 7214 #CONF: 0.9991689750692521
37 127  ==> 58 91 106 109 124  #SUP: 7214 #CONF: 0.9991689750692521
88 106  ==> 19 58 91 109 127  #SUP: 7214 #CONF: 0.9998613998613999
19 91  ==> 58 88 109 124 127  #SUP: 7214 #CONF: 0.9991689750692521
88 124  ==> 37 58 91 109 127  #SUP: 7214 #CONF: 0.9998613998613999
19 109  ==> 58 88 91 124 127  #SUP: 7214 #CONF: 0.9991689750692521
37 109  ==> 58 88 91 124 127  #SUP: 7214 #CONF: 0.9991689750692521
37 127  ==> 58 88 91 109 124  #SUP: 7214 #CONF: 0.9991689750692521
37 109  ==> 58 88 91 106 127  #SUP: 7214 #CONF: 0.9991689750692521
37 106  ==> 58 91 109 124 127  #SUP: 7214 #CONF: 0.9995843148122489
37 127  ==> 58 88 91 106 109  #SUP: 7214 #CONF: 0.9991689750692521
19 127  ==> 58 88 91 106 109  #SUP: 7214 #CONF: 0.9991689750692521
37 109  ==> 58 91 106 124 127  #SUP: 7214 #CONF: 0.9991689750692521
106 124  ==> 37 58 91 109 127  #SUP: 7214 #CONF: 0.9998613998613999
37 106  ==> 58 88 91 109 127  #SUP: 7214 #CONF: 0.9995843148122489
37 88  ==> 58 91 106 109 127  #SUP: 7214 #CONF: 0.9995843148122489
19 106  ==> 58 91 109 124 127  #SUP: 7214 #CONF: 0.9995843148122489
37 91  ==> 58 106 109 124 127  #SUP: 7214 #CONF: 0.9991689750692521
19 109  ==> 58 88 91 106 127  #SUP: 7214 #CONF: 0.9991689750692521
19 106  ==> 58 88 91 109 127  #SUP: 7214 #CONF: 0.9995843148122489
37 88  ==> 58 91 109 124 127  #SUP: 7214 #CONF: 0.9995843148122489
19 88  ==> 58 91 106 109 127  #SUP: 7214 #CONF: 0.9995843148122489
88 106  ==> 37 58 91 109 127  #SUP: 7214 #CONF: 0.9998613998613999
19 88  ==> 58 91 109 124 127  #SUP: 7214 #CONF: 0.9995843148122489
37 124  ==> 58 91 106 109 127  #SUP: 7214 #CONF: 0.9995843148122489
19 124  ==> 58 91 106 109 127  #SUP: 7214 #CONF: 0.9995843148122489
19 91  ==> 58 88 106 109 127  #SUP: 7214 #CONF: 0.9991689750692521
19 109  ==> 58 91 106 124 127  #SUP: 7214 #CONF: 0.9991689750692521
19 91  ==> 58 106 109 124 127  #SUP: 7214 #CONF: 0.9991689750692521
19 124  ==> 58 88 91 109 127  #SUP: 7214 #CONF: 0.9995843148122489
37 91  ==> 58 88 106 109 127  #SUP: 7214 #CONF: 0.9991689750692521
19 127  ==> 58 91 106 109 124  #SUP: 7214 #CONF: 0.9991689750692521
37 124  ==> 58 88 91 109 127  #SUP: 7214 #CONF: 0.9995843148122489
106 124  ==> 19 58 91 109 127  #SUP: 7214 #CONF: 0.9998613998613999
91  ==> 37 58 106 109 124 127  #SUP: 7214 #CONF: 0.9990306051793381
127  ==> 19 37 55 58 91 109 124  #SUP: 7214 #CONF: 0.9990306051793381
127  ==> 19 37 55 58 91 106 109  #SUP: 7214 #CONF: 0.9990306051793381
37  ==> 19 55 58 91 109 124 127  #SUP: 7214 #CONF: 0.9990306051793381
37  ==> 19 55 58 91 106 109 127  #SUP: 7214 #CONF: 0.9990306051793381
88 124  ==> 19 58 91 109 127  #SUP: 7214 #CONF: 0.9998613998613999
109  ==> 19 37 55 58 91 106 127  #SUP: 7214 #CONF: 0.9990306051793381
106  ==> 19 37 55 58 91 109 127  #SUP: 7214 #CONF: 0.99944582986977
19  ==> 37 55 58 91 109 124 127  #SUP: 7214 #CONF: 0.9990306051793381
58  ==> 19 37 55 91 109 124 127  #SUP: 7214 #CONF: 0.9988922736084187
91  ==> 19 37 55 58 109 124 127  #SUP: 7214 #CONF: 0.9990306051793381
19  ==> 37 55 58 88 91 109 127  #SUP: 7214 #CONF: 0.9990306051793381
58  ==> 19 37 55 91 106 109 127  #SUP: 7214 #CONF: 0.9988922736084187
109  ==> 19 37 55 58 91 124 127  #SUP: 7214 #CONF: 0.9990306051793381
127  ==> 19 37 55 58 88 91 109  #SUP: 7214 #CONF: 0.9990306051793381
124  ==> 19 37 55 58 91 109 127  #SUP: 7214 #CONF: 0.99944582986977
88  ==> 19 37 55 58 91 109 127  #SUP: 7214 #CONF: 0.99944582986977
91  ==> 19 37 55 58 88 109 127  #SUP: 7214 #CONF: 0.9990306051793381
109  ==> 19 37 55 58 88 91 127  #SUP: 7214 #CONF: 0.9990306051793381
55  ==> 19 37 58 91 109 124 127  #SUP: 7214 #CONF: 0.9991689750692521
19  ==> 37 55 58 91 106 109 127  #SUP: 7214 #CONF: 0.9990306051793381
55  ==> 19 37 58 91 106 109 127  #SUP: 7214 #CONF: 0.9991689750692521
58  ==> 19 37 55 88 91 109 127  #SUP: 7214 #CONF: 0.9988922736084187
37  ==> 19 55 58 88 91 109 127  #SUP: 7214 #CONF: 0.9990306051793381
91  ==> 19 37 55 58 106 109 127  #SUP: 7214 #CONF: 0.9990306051793381
127  ==> 37 58 88 91 106 109  #SUP: 7214 #CONF: 0.9990306051793381
19  ==> 58 91 106 109 124 127  #SUP: 7214 #CONF: 0.9990306051793381
55  ==> 19 37 58 88 91 109 127  #SUP: 7214 #CONF: 0.9991689750692521
106  ==> 19 58 88 91 109 127  #SUP: 7214 #CONF: 0.99944582986977
58  ==> 37 88 91 106 109 127  #SUP: 7214 #CONF: 0.9988922736084187
124  ==> 37 58 91 106 109 127  #SUP: 7214 #CONF: 0.99944582986977
91  ==> 19 58 88 106 109 127  #SUP: 7214 #CONF: 0.9990306051793381
58  ==> 37 91 106 109 124 127  #SUP: 7214 #CONF: 0.9988922736084187
127  ==> 19 58 88 91 109 124  #SUP: 7214 #CONF: 0.9990306051793381
37  ==> 58 88 91 106 109 127  #SUP: 7214 #CONF: 0.9990306051793381
88  ==> 37 58 91 106 109 127  #SUP: 7214 #CONF: 0.99944582986977
58  ==> 19 88 91 106 109 127  #SUP: 7214 #CONF: 0.9988922736084187
91  ==> 37 58 88 109 124 127  #SUP: 7214 #CONF: 0.9990306051793381
19  ==> 58 88 91 106 109 127  #SUP: 7214 #CONF: 0.9990306051793381
37  ==> 58 91 106 109 124 127  #SUP: 7214 #CONF: 0.9990306051793381
88  ==> 37 58 91 109 124 127  #SUP: 7214 #CONF: 0.99944582986977
91  ==> 19 58 88 109 124 127  #SUP: 7214 #CONF: 0.9990306051793381
109  ==> 37 58 88 91 106 127  #SUP: 7214 #CONF: 0.9990306051793381
109  ==> 19 58 88 91 124 127  #SUP: 7214 #CONF: 0.9990306051793381
88  ==> 19 58 91 109 124 127  #SUP: 7214 #CONF: 0.99944582986977
58  ==> 19 91 106 109 124 127  #SUP: 7214 #CONF: 0.9988922736084187
88  ==> 19 58 91 106 109 127  #SUP: 7214 #CONF: 0.99944582986977
127  ==> 19 58 91 106 109 124  #SUP: 7214 #CONF: 0.9990306051793381
58  ==> 19 88 91 109 124 127  #SUP: 7214 #CONF: 0.9988922736084187
127  ==> 19 58 88 91 106 109  #SUP: 7214 #CONF: 0.9990306051793381
127  ==> 37 58 91 106 109 124  #SUP: 7214 #CONF: 0.9990306051793381
127  ==> 37 58 88 91 109 124  #SUP: 7214 #CONF: 0.9990306051793381
58  ==> 37 88 91 109 124 127  #SUP: 7214 #CONF: 0.9988922736084187
109  ==> 19 58 91 106 124 127  #SUP: 7214 #CONF: 0.9990306051793381
37  ==> 58 88 91 109 124 127  #SUP: 7214 #CONF: 0.9990306051793381
124  ==> 37 58 88 91 109 127  #SUP: 7214 #CONF: 0.99944582986977
106  ==> 19 58 91 109 124 127  #SUP: 7214 #CONF: 0.99944582986977
91  ==> 19 58 106 109 124 127  #SUP: 7214 #CONF: 0.9990306051793381
109  ==> 19 58 88 91 106 127  #SUP: 7214 #CONF: 0.9990306051793381
106  ==> 37 58 91 109 124 127  #SUP: 7214 #CONF: 0.99944582986977
124  ==> 19 58 88 91 109 127  #SUP: 7214 #CONF: 0.99944582986977
124  ==> 19 58 91 106 109 127  #SUP: 7214 #CONF: 0.99944582986977
109  ==> 37 58 88 91 124 127  #SUP: 7214 #CONF: 0.9990306051793381
91  ==> 37 58 88 106 109 127  #SUP: 7214 #CONF: 0.9990306051793381
19  ==> 58 88 91 109 124 127  #SUP: 7214 #CONF: 0.9990306051793381
106  ==> 37 58 88 91 109 127  #SUP: 7214 #CONF: 0.99944582986977
19 37 55  ==> 58 88 91 109 124 127  #SUP: 7211 #CONF: 0.9990302022720975
55 127  ==> 19 58 88 91 109 124  #SUP: 7212 #CONF: 0.999030336611719
19 55 88 106  ==> 58 91 109 127  #SUP: 7212 #CONF: 1.0
55 127  ==> 58 91 106 109 124  #SUP: 7213 #CONF: 0.999168859952902
19 37 109  ==> 58 91 106 124 127  #SUP: 7213 #CONF: 0.999168859952902
19 88 124  ==> 37 58 91 109 127  #SUP: 7213 #CONF: 0.9998613806487385
19 37 106  ==> 58 88 91 109 127  #SUP: 7213 #CONF: 0.9995842572062085
37 88 106  ==> 19 58 91 109 127  #SUP: 7213 #CONF: 0.9998613806487385
19 37 88 106  ==> 58 91 109 127  #SUP: 7213 #CONF: 1.0
19 37 106 124  ==> 58 91 109 127  #SUP: 7213 #CONF: 1.0
19 37 88 124  ==> 58 91 109 127  #SUP: 7213 #CONF: 1.0
19 37 127  ==> 58 91 106 109 124  #SUP: 7213 #CONF: 0.999168859952902
19 37 127  ==> 58 88 91 109 124  #SUP: 7213 #CONF: 0.999168859952902
19 37 91  ==> 58 88 109 124 127  #SUP: 7213 #CONF: 0.999168859952902
19 88 106  ==> 37 58 91 109 127  #SUP: 7213 #CONF: 0.9998613806487385
37 106 124  ==> 19 58 91 109 127  #SUP: 7213 #CONF: 0.9998613806487385
19 37 127  ==> 58 88 91 106 109  #SUP: 7213 #CONF: 0.999168859952902
19 37 109  ==> 58 88 91 106 127  #SUP: 7213 #CONF: 0.999168859952902
19 37 91  ==> 58 88 106 109 127  #SUP: 7213 #CONF: 0.999168859952902
19 106 124  ==> 37 58 91 109 127  #SUP: 7213 #CONF: 0.9998613806487385
37 88 124  ==> 19 58 91 109 127  #SUP: 7213 #CONF: 0.9998613806487385
19 37 109  ==> 58 88 91 124 127  #SUP: 7213 #CONF: 0.999168859952902
19 37 106  ==> 58 91 109 124 127  #SUP: 7213 #CONF: 0.9995842572062085
19 37 124  ==> 58 91 106 109 127  #SUP: 7213 #CONF: 0.9995842572062085
19 37 88  ==> 58 91 109 124 127  #SUP: 7213 #CONF: 0.9995842572062085
19 37 124  ==> 58 88 91 109 127  #SUP: 7213 #CONF: 0.9995842572062085
19 37 91  ==> 58 106 109 124 127  #SUP: 7213 #CONF: 0.999168859952902
19 37 88  ==> 58 91 106 109 127  #SUP: 7213 #CONF: 0.9995842572062085
37 91  ==> 19 58 88 109 124 127  #SUP: 7213 #CONF: 0.9990304709141274
37 106  ==> 19 58 91 109 124 127  #SUP: 7213 #CONF: 0.9994457530829984
55 88 106  ==> 58 91 109 127  #SUP: 7213 #CONF: 1.0
55 106 124  ==> 58 91 109 127  #SUP: 7213 #CONF: 1.0
19 91  ==> 37 58 88 106 109 127  #SUP: 7213 #CONF: 0.9990304709141274
55 88 124  ==> 58 91 109 127  #SUP: 7213 #CONF: 1.0
19 109  ==> 37 58 88 91 124 127  #SUP: 7213 #CONF: 0.9990304709141274
19 106  ==> 37 58 91 109 124 127  #SUP: 7213 #CONF: 0.9994457530829984
37 124  ==> 19 58 91 106 109 127  #SUP: 7213 #CONF: 0.9994457530829984
19 106  ==> 37 58 88 91 109 127  #SUP: 7213 #CONF: 0.9994457530829984
37 127  ==> 19 58 91 106 109 124  #SUP: 7213 #CONF: 0.9990304709141274
106 124  ==> 19 37 58 91 109 127  #SUP: 7213 #CONF: 0.9997227997227998
37 127  ==> 19 58 88 91 109 124  #SUP: 7213 #CONF: 0.9990304709141274
37 106  ==> 19 58 88 91 109 127  #SUP: 7213 #CONF: 0.9994457530829984
19 37  ==> 58 91 106 109 124 127  #SUP: 7213 #CONF: 0.9990304709141274
88 106  ==> 19 37 58 91 109 127  #SUP: 7213 #CONF: 0.9997227997227998
88 124  ==> 19 37 58 91 109 127  #SUP: 7213 #CONF: 0.9997227997227998
37 109  ==> 19 58 91 106 124 127  #SUP: 7213 #CONF: 0.9990304709141274
19 91  ==> 37 58 88 109 124 127  #SUP: 7213 #CONF: 0.9990304709141274
19 124  ==> 37 58 91 106 109 127  #SUP: 7213 #CONF: 0.9994457530829984
37 91  ==> 19 58 106 109 124 127  #SUP: 7213 #CONF: 0.9990304709141274
19 127  ==> 37 58 91 106 109 124  #SUP: 7213 #CONF: 0.9990304709141274
19 109  ==> 37 58 88 91 106 127  #SUP: 7213 #CONF: 0.9990304709141274
19 109  ==> 37 58 91 106 124 127  #SUP: 7213 #CONF: 0.9990304709141274
19 37  ==> 58 88 91 106 109 127  #SUP: 7213 #CONF: 0.9990304709141274
37 109  ==> 19 58 88 91 124 127  #SUP: 7213 #CONF: 0.9990304709141274
19 124  ==> 37 58 88 91 109 127  #SUP: 7213 #CONF: 0.9994457530829984
19 127  ==> 37 58 88 91 106 109  #SUP: 7213 #CONF: 0.9990304709141274
19 37  ==> 58 88 91 109 124 127  #SUP: 7213 #CONF: 0.9990304709141274
19 127  ==> 37 58 88 91 109 124  #SUP: 7213 #CONF: 0.9990304709141274
37 109  ==> 19 58 88 91 106 127  #SUP: 7213 #CONF: 0.9990304709141274
37 88  ==> 19 58 91 109 124 127  #SUP: 7213 #CONF: 0.9994457530829984
19 91  ==> 37 58 106 109 124 127  #SUP: 7213 #CONF: 0.9990304709141274
37 88  ==> 19 58 91 106 109 127  #SUP: 7213 #CONF: 0.9994457530829984
19 88  ==> 37 58 91 106 109 127  #SUP: 7213 #CONF: 0.9994457530829984
37 91  ==> 19 58 88 106 109 127  #SUP: 7213 #CONF: 0.9990304709141274
37 124  ==> 19 58 88 91 109 127  #SUP: 7213 #CONF: 0.9994457530829984
88 106  ==> 55 58 91 109 127  #SUP: 7213 #CONF: 0.9997227997227998
37 127  ==> 19 58 88 91 106 109  #SUP: 7213 #CONF: 0.9990304709141274
19 88  ==> 37 58 91 109 124 127  #SUP: 7213 #CONF: 0.9994457530829984
55 91  ==> 58 88 109 124 127  #SUP: 7213 #CONF: 0.999168859952902
88 124  ==> 55 58 91 109 127  #SUP: 7213 #CONF: 0.9997227997227998
55 109  ==> 58 91 106 124 127  #SUP: 7213 #CONF: 0.999168859952902
55 124  ==> 58 88 91 109 127  #SUP: 7213 #CONF: 0.9995842572062085
127  ==> 55 58 91 106 109 124  #SUP: 7213 #CONF: 0.9988921202049578
55 109  ==> 58 88 91 124 127  #SUP: 7213 #CONF: 0.999168859952902
55 127  ==> 58 88 91 106 109  #SUP: 7213 #CONF: 0.999168859952902
55 106  ==> 58 88 91 109 127  #SUP: 7213 #CONF: 0.9995842572062085
55 88  ==> 58 91 109 124 127  #SUP: 7213 #CONF: 0.9995842572062085
55 124  ==> 58 91 106 109 127  #SUP: 7213 #CONF: 0.9995842572062085
55 106  ==> 58 91 109 124 127  #SUP: 7213 #CONF: 0.9995842572062085
55 88  ==> 58 91 106 109 127  #SUP: 7213 #CONF: 0.9995842572062085
55 91  ==> 58 88 106 109 127  #SUP: 7213 #CONF: 0.999168859952902
55 91  ==> 58 106 109 124 127  #SUP: 7213 #CONF: 0.999168859952902
55 109  ==> 58 88 91 106 127  #SUP: 7213 #CONF: 0.999168859952902
106 124  ==> 55 58 91 109 127  #SUP: 7213 #CONF: 0.9997227997227998
127  ==> 19 37 58 88 91 106 109  #SUP: 7213 #CONF: 0.9988921202049578
91  ==> 19 37 58 106 109 124 127  #SUP: 7213 #CONF: 0.9988921202049578
55 127  ==> 58 88 91 109 124  #SUP: 7213 #CONF: 0.999168859952902
127  ==> 19 37 58 91 106 109 124  #SUP: 7213 #CONF: 0.9988921202049578
109  ==> 19 37 58 91 106 124 127  #SUP: 7213 #CONF: 0.9988921202049578
58  ==> 19 37 91 106 109 124 127  #SUP: 7213 #CONF: 0.9987538078094711
127  ==> 19 37 58 88 91 109 124  #SUP: 7213 #CONF: 0.9988921202049578
37  ==> 19 58 91 106 109 124 127  #SUP: 7213 #CONF: 0.9988921202049578
109  ==> 19 37 58 88 91 106 127  #SUP: 7213 #CONF: 0.9988921202049578
58  ==> 19 37 88 91 109 124 127  #SUP: 7213 #CONF: 0.9987538078094711
106  ==> 19 37 58 88 91 109 127  #SUP: 7213 #CONF: 0.9993072873372125
37  ==> 19 58 88 91 109 124 127  #SUP: 7213 #CONF: 0.9988921202049578
88  ==> 19 37 58 91 106 109 127  #SUP: 7213 #CONF: 0.9993072873372125
19  ==> 37 58 88 91 106 109 127  #SUP: 7213 #CONF: 0.9988921202049578
124  ==> 19 37 58 88 91 109 127  #SUP: 7213 #CONF: 0.9993072873372125
91  ==> 19 37 58 88 109 124 127  #SUP: 7213 #CONF: 0.9988921202049578
124  ==> 19 37 58 91 106 109 127  #SUP: 7213 #CONF: 0.9993072873372125
58  ==> 19 37 88 91 106 109 127  #SUP: 7213 #CONF: 0.9987538078094711
88  ==> 19 37 58 91 109 124 127  #SUP: 7213 #CONF: 0.9993072873372125
106  ==> 19 37 58 91 109 124 127  #SUP: 7213 #CONF: 0.9993072873372125
19  ==> 37 58 91 106 109 124 127  #SUP: 7213 #CONF: 0.9988921202049578
19  ==> 37 58 88 91 109 124 127  #SUP: 7213 #CONF: 0.9988921202049578
109  ==> 19 37 58 88 91 124 127  #SUP: 7213 #CONF: 0.9988921202049578
55  ==> 58 91 106 109 124 127  #SUP: 7213 #CONF: 0.9990304709141274
91  ==> 19 37 58 88 106 109 127  #SUP: 7213 #CONF: 0.9988921202049578
37  ==> 19 58 88 91 106 109 127  #SUP: 7213 #CONF: 0.9988921202049578
88  ==> 55 58 91 106 109 127  #SUP: 7213 #CONF: 0.9993072873372125
55  ==> 58 88 91 109 124 127  #SUP: 7213 #CONF: 0.9990304709141274
109  ==> 55 58 88 91 124 127  #SUP: 7213 #CONF: 0.9988921202049578
124  ==> 55 58 91 106 109 127  #SUP: 7213 #CONF: 0.9993072873372125
91  ==> 55 58 106 109 124 127  #SUP: 7213 #CONF: 0.9988921202049578
106  ==> 55 58 91 109 124 127  #SUP: 7213 #CONF: 0.9993072873372125
109  ==> 55 58 88 91 106 127  #SUP: 7213 #CONF: 0.9988921202049578
106  ==> 55 58 88 91 109 127  #SUP: 7213 #CONF: 0.9993072873372125
91  ==> 55 58 88 106 109 127  #SUP: 7213 #CONF: 0.9988921202049578
91  ==> 55 58 88 109 124 127  #SUP: 7213 #CONF: 0.9988921202049578
55  ==> 58 88 91 106 109 127  #SUP: 7213 #CONF: 0.9990304709141274
58  ==> 55 91 106 109 124 127  #SUP: 7213 #CONF: 0.9987538078094711
127  ==> 55 58 88 91 109 124  #SUP: 7213 #CONF: 0.9988921202049578
127  ==> 55 58 88 91 106 109  #SUP: 7213 #CONF: 0.9988921202049578
58  ==> 55 88 91 106 109 127  #SUP: 7213 #CONF: 0.9987538078094711
109  ==> 55 58 91 106 124 127  #SUP: 7213 #CONF: 0.9988921202049578
88  ==> 55 58 91 109 124 127  #SUP: 7213 #CONF: 0.9993072873372125
58  ==> 55 88 91 109 124 127  #SUP: 7213 #CONF: 0.9987538078094711
124  ==> 55 58 88 91 109 127  #SUP: 7213 #CONF: 0.9993072873372125
19 55 106 124  ==> 58 91 109 127  #SUP: 7212 #CONF: 1.0
37 55 106 124  ==> 58 91 109 127  #SUP: 7212 #CONF: 1.0
19 55 88 124  ==> 58 91 109 127  #SUP: 7212 #CONF: 1.0
37 55 88 106  ==> 58 91 109 127  #SUP: 7212 #CONF: 1.0
37 55 88 124  ==> 58 91 109 127  #SUP: 7212 #CONF: 1.0
88 106 124  ==> 58 91 109 127  #SUP: 7212 #CONF: 1.0
19 55 127  ==> 58 88 91 109 124  #SUP: 7212 #CONF: 0.999168744804655
37 55 127  ==> 58 91 106 109 124  #SUP: 7212 #CONF: 0.999168744804655
19 55 109  ==> 58 88 91 124 127  #SUP: 7212 #CONF: 0.999168744804655
19 55 106  ==> 58 91 109 124 127  #SUP: 7212 #CONF: 0.9995841995841996
19 55 88  ==> 58 91 109 124 127  #SUP: 7212 #CONF: 0.9995841995841996
37 55 91  ==> 58 106 109 124 127  #SUP: 7212 #CONF: 0.999168744804655
19 88 124  ==> 55 58 91 109 127  #SUP: 7212 #CONF: 0.9997227612974772
37 55 124  ==> 58 88 91 109 127  #SUP: 7212 #CONF: 0.9995841995841996
55 106 124  ==> 37 58 91 109 127  #SUP: 7212 #CONF: 0.99986136143075
37 55 109  ==> 58 88 91 106 127  #SUP: 7212 #CONF: 0.999168744804655
19 55 88  ==> 58 91 106 109 127  #SUP: 7212 #CONF: 0.9995841995841996
37 55 88  ==> 58 91 109 124 127  #SUP: 7212 #CONF: 0.9995841995841996
19 55 106  ==> 58 88 91 109 127  #SUP: 7212 #CONF: 0.9995841995841996
37 55 109  ==> 58 88 91 124 127  #SUP: 7212 #CONF: 0.999168744804655
55 88 106  ==> 37 58 91 109 127  #SUP: 7212 #CONF: 0.99986136143075
19 106 124  ==> 55 58 91 109 127  #SUP: 7212 #CONF: 0.9997227612974772
37 55 109  ==> 58 91 106 124 127  #SUP: 7212 #CONF: 0.999168744804655
19 55 124  ==> 58 88 91 109 127  #SUP: 7212 #CONF: 0.9995841995841996
37 88 106  ==> 55 58 91 109 127  #SUP: 7212 #CONF: 0.9997227612974772
55 88 124  ==> 37 58 91 109 127  #SUP: 7212 #CONF: 0.99986136143075
19 55 91  ==> 58 106 109 124 127  #SUP: 7212 #CONF: 0.999168744804655
37 106 124  ==> 55 58 91 109 127  #SUP: 7212 #CONF: 0.9997227612974772
37 55 127  ==> 58 88 91 106 109  #SUP: 7212 #CONF: 0.999168744804655
37 55 88  ==> 58 91 106 109 127  #SUP: 7212 #CONF: 0.9995841995841996
55 88 124  ==> 19 58 91 109 127  #SUP: 7212 #CONF: 0.99986136143075
37 88 124  ==> 55 58 91 109 127  #SUP: 7212 #CONF: 0.9997227612974772
19 55 91  ==> 58 88 106 109 127  #SUP: 7212 #CONF: 0.999168744804655
37 55 124  ==> 58 91 106 109 127  #SUP: 7212 #CONF: 0.9995841995841996
19 88 106  ==> 55 58 91 109 127  #SUP: 7212 #CONF: 0.9997227612974772
37 55 106  ==> 58 88 91 109 127  #SUP: 7212 #CONF: 0.9995841995841996
19 55 127  ==> 58 88 91 106 109  #SUP: 7212 #CONF: 0.999168744804655
19 55 124  ==> 58 91 106 109 127  #SUP: 7212 #CONF: 0.9995841995841996
37 55 127  ==> 58 88 91 109 124  #SUP: 7212 #CONF: 0.999168744804655
37 55 91  ==> 58 88 106 109 127  #SUP: 7212 #CONF: 0.999168744804655
37 55 106  ==> 58 91 109 124 127  #SUP: 7212 #CONF: 0.9995841995841996
55 88 106  ==> 19 58 91 109 127  #SUP: 7212 #CONF: 0.99986136143075
19 55 109  ==> 58 91 106 124 127  #SUP: 7212 #CONF: 0.999168744804655
37 55 91  ==> 58 88 109 124 127  #SUP: 7212 #CONF: 0.999168744804655
19 55 91  ==> 58 88 109 124 127  #SUP: 7212 #CONF: 0.999168744804655
19 55 127  ==> 58 91 106 109 124  #SUP: 7212 #CONF: 0.999168744804655
55 106 124  ==> 19 58 91 109 127  #SUP: 7212 #CONF: 0.99986136143075
19 55 109  ==> 58 88 91 106 127  #SUP: 7212 #CONF: 0.999168744804655
37 127  ==> 55 58 91 106 109 124  #SUP: 7212 #CONF: 0.9988919667590028
55 91  ==> 37 58 88 109 124 127  #SUP: 7212 #CONF: 0.999030336611719
55 88  ==> 19 58 91 109 124 127  #SUP: 7212 #CONF: 0.9994456762749445
55 109  ==> 37 58 91 106 124 127  #SUP: 7212 #CONF: 0.999030336611719
55 109  ==> 37 58 88 91 124 127  #SUP: 7212 #CONF: 0.999030336611719
37 91  ==> 55 58 88 106 109 127  #SUP: 7212 #CONF: 0.9988919667590028
19 127  ==> 55 58 88 91 106 109  #SUP: 7212 #CONF: 0.9988919667590028
19 127  ==> 55 58 88 91 109 124  #SUP: 7212 #CONF: 0.9988919667590028
19 91  ==> 55 58 88 109 124 127  #SUP: 7212 #CONF: 0.9988919667590028
37 127  ==> 55 58 88 91 109 124  #SUP: 7212 #CONF: 0.9988919667590028
88 124  ==> 19 55 58 91 109 127  #SUP: 7212 #CONF: 0.9995841995841996
55 127  ==> 19 58 91 106 109 124  #SUP: 7212 #CONF: 0.999030336611719
55 109  ==> 19 58 88 91 124 127  #SUP: 7212 #CONF: 0.999030336611719
55 88  ==> 37 58 91 106 109 127  #SUP: 7212 #CONF: 0.9994456762749445
55 127  ==> 37 58 91 106 109 124  #SUP: 7212 #CONF: 0.999030336611719
19 106  ==> 55 58 91 109 124 127  #SUP: 7212 #CONF: 0.9993071913537481
19 109  ==> 55 58 91 106 124 127  #SUP: 7212 #CONF: 0.9988919667590028
55 124  ==> 19 58 88 91 109 127  #SUP: 7212 #CONF: 0.9994456762749445
106 124  ==> 19 55 58 91 109 127  #SUP: 7212 #CONF: 0.9995841995841996
55 106  ==> 37 58 88 91 109 127  #SUP: 7212 #CONF: 0.9994456762749445
55 91  ==> 19 58 106 109 124 127  #SUP: 7212 #CONF: 0.999030336611719
37 91  ==> 55 58 88 109 124 127  #SUP: 7212 #CONF: 0.9988919667590028
37 127  ==> 55 58 88 91 106 109  #SUP: 7212 #CONF: 0.9988919667590028
88 106  ==> 37 55 58 91 109 127  #SUP: 7212 #CONF: 0.9995841995841996
55 124  ==> 37 58 88 91 109 127  #SUP: 7212 #CONF: 0.9994456762749445
37 106  ==> 55 58 91 109 124 127  #SUP: 7212 #CONF: 0.9993071913537481
19 55  ==> 58 88 91 109 124 127  #SUP: 7212 #CONF: 0.999030336611719
55 124  ==> 19 58 91 106 109 127  #SUP: 7212 #CONF: 0.9994456762749445
55 127  ==> 37 58 88 91 109 124  #SUP: 7212 #CONF: 0.999030336611719
55 127  ==> 19 58 88 91 106 109  #SUP: 7212 #CONF: 0.999030336611719
55 106  ==> 19 58 91 109 124 127  #SUP: 7212 #CONF: 0.9994456762749445
55 124  ==> 37 58 91 106 109 127  #SUP: 7212 #CONF: 0.9994456762749445
88 124  ==> 37 55 58 91 109 127  #SUP: 7212 #CONF: 0.9995841995841996
19 124  ==> 55 58 91 106 109 127  #SUP: 7212 #CONF: 0.9993071913537481
19 109  ==> 55 58 88 91 106 127  #SUP: 7212 #CONF: 0.9988919667590028
37 124  ==> 55 58 88 91 109 127  #SUP: 7212 #CONF: 0.9993071913537481
37 106  ==> 55 58 88 91 109 127  #SUP: 7212 #CONF: 0.9993071913537481
37 91  ==> 55 58 106 109 124 127  #SUP: 7212 #CONF: 0.9988919667590028
37 109  ==> 55 58 88 91 106 127  #SUP: 7212 #CONF: 0.9988919667590028
55 91  ==> 37 58 106 109 124 127  #SUP: 7212 #CONF: 0.999030336611719
55 91  ==> 19 58 88 109 124 127  #SUP: 7212 #CONF: 0.999030336611719
37 55  ==> 58 88 91 109 124 127  #SUP: 7212 #CONF: 0.999030336611719
55 127  ==> 37 58 88 91 106 109  #SUP: 7212 #CONF: 0.999030336611719
55 109  ==> 19 58 91 106 124 127  #SUP: 7212 #CONF: 0.999030336611719
19 106  ==> 55 58 88 91 109 127  #SUP: 7212 #CONF: 0.9993071913537481
37 109  ==> 55 58 88 91 124 127  #SUP: 7212 #CONF: 0.9988919667590028
19 91  ==> 55 58 88 106 109 127  #SUP: 7212 #CONF: 0.9988919667590028
37 55  ==> 58 91 106 109 124 127  #SUP: 7212 #CONF: 0.999030336611719
37 88  ==> 55 58 91 106 109 127  #SUP: 7212 #CONF: 0.9993071913537481
19 124  ==> 55 58 88 91 109 127  #SUP: 7212 #CONF: 0.9993071913537481
55 109  ==> 37 58 88 91 106 127  #SUP: 7212 #CONF: 0.999030336611719
19 91  ==> 55 58 106 109 124 127  #SUP: 7212 #CONF: 0.9988919667590028
106 124  ==> 37 55 58 91 109 127  #SUP: 7212 #CONF: 0.9995841995841996
55 106  ==> 19 58 88 91 109 127  #SUP: 7212 #CONF: 0.9994456762749445
19 127  ==> 55 58 91 106 109 124  #SUP: 7212 #CONF: 0.9988919667590028
37 88  ==> 55 58 91 109 124 127  #SUP: 7212 #CONF: 0.9993071913537481
37 109  ==> 55 58 91 106 124 127  #SUP: 7212 #CONF: 0.9988919667590028
55 91  ==> 19 58 88 106 109 127  #SUP: 7212 #CONF: 0.999030336611719
88 106  ==> 19 55 58 91 109 127  #SUP: 7212 #CONF: 0.9995841995841996
55 88  ==> 37 58 91 109 124 127  #SUP: 7212 #CONF: 0.9994456762749445
37 55  ==> 58 88 91 106 109 127  #SUP: 7212 #CONF: 0.999030336611719
19 88  ==> 55 58 91 109 124 127  #SUP: 7212 #CONF: 0.9993071913537481
19 55  ==> 58 91 106 109 124 127  #SUP: 7212 #CONF: 0.999030336611719
19 55  ==> 58 88 91 106 109 127  #SUP: 7212 #CONF: 0.999030336611719
55 106  ==> 37 58 91 109 124 127  #SUP: 7212 #CONF: 0.9994456762749445
55 109  ==> 19 58 88 91 106 127  #SUP: 7212 #CONF: 0.999030336611719
55 88  ==> 19 58 91 106 109 127  #SUP: 7212 #CONF: 0.9994456762749445
19 88  ==> 55 58 91 106 109 127  #SUP: 7212 #CONF: 0.9993071913537481
19 109  ==> 55 58 88 91 124 127  #SUP: 7212 #CONF: 0.9988919667590028
37 124  ==> 55 58 91 106 109 127  #SUP: 7212 #CONF: 0.9993071913537481
55 91  ==> 37 58 88 106 109 127  #SUP: 7212 #CONF: 0.999030336611719
19 37 55 91  ==> 58 106 109 124 127  #SUP: 7211 #CONF: 0.9991686296244977
127  ==> 37 55 58 91 106 109 124  #SUP: 7212 #CONF: 0.9987536352305775
109  ==> 37 55 58 91 106 124 127  #SUP: 7212 #CONF: 0.9987536352305775
91  ==> 37 55 58 88 109 124 127  #SUP: 7212 #CONF: 0.9987536352305775
88 106  ==> 58 91 109 124 127  #SUP: 7212 #CONF: 0.9995841995841996
106 124  ==> 58 88 91 109 127  #SUP: 7212 #CONF: 0.9995841995841996
88 124  ==> 58 91 106 109 127  #SUP: 7212 #CONF: 0.9995841995841996
91  ==> 37 55 58 88 106 109 127  #SUP: 7212 #CONF: 0.9987536352305775
58  ==> 37 55 88 91 109 124 127  #SUP: 7212 #CONF: 0.9986153420105234
58  ==> 37 55 88 91 106 109 127  #SUP: 7212 #CONF: 0.9986153420105234
88  ==> 19 55 58 91 106 109 127  #SUP: 7212 #CONF: 0.999168744804655
58  ==> 37 55 91 106 109 124 127  #SUP: 7212 #CONF: 0.9986153420105234
106  ==> 19 55 58 91 109 124 127  #SUP: 7212 #CONF: 0.999168744804655
127  ==> 19 55 58 88 91 109 124  #SUP: 7212 #CONF: 0.9987536352305775
91  ==> 19 55 58 88 106 109 127  #SUP: 7212 #CONF: 0.9987536352305775
124  ==> 37 55 58 91 106 109 127  #SUP: 7212 #CONF: 0.999168744804655
19  ==> 55 58 88 91 106 109 127  #SUP: 7212 #CONF: 0.9987536352305775
124  ==> 19 55 58 88 91 109 127  #SUP: 7212 #CONF: 0.999168744804655
37  ==> 55 58 88 91 106 109 127  #SUP: 7212 #CONF: 0.9987536352305775
106  ==> 19 55 58 88 91 109 127  #SUP: 7212 #CONF: 0.999168744804655
109  ==> 19 55 58 91 106 124 127  #SUP: 7212 #CONF: 0.9987536352305775
124  ==> 19 55 58 91 106 109 127  #SUP: 7212 #CONF: 0.999168744804655
109  ==> 37 55 58 88 91 106 127  #SUP: 7212 #CONF: 0.9987536352305775
37  ==> 55 58 91 106 109 124 127  #SUP: 7212 #CONF: 0.9987536352305775
106  ==> 37 55 58 88 91 109 127  #SUP: 7212 #CONF: 0.999168744804655
37  ==> 55 58 88 91 109 124 127  #SUP: 7212 #CONF: 0.9987536352305775
58  ==> 19 55 88 91 109 124 127  #SUP: 7212 #CONF: 0.9986153420105234
127  ==> 58 88 91 106 109 124  #SUP: 7212 #CONF: 0.9987536352305775
127  ==> 19 55 58 88 91 106 109  #SUP: 7212 #CONF: 0.9987536352305775
109  ==> 19 55 58 88 91 124 127  #SUP: 7212 #CONF: 0.9987536352305775
106  ==> 37 55 58 91 109 124 127  #SUP: 7212 #CONF: 0.999168744804655
58  ==> 19 55 91 106 109 124 127  #SUP: 7212 #CONF: 0.9986153420105234
127  ==> 19 55 58 91 106 109 124  #SUP: 7212 #CONF: 0.9987536352305775
109  ==> 19 55 58 88 91 106 127  #SUP: 7212 #CONF: 0.9987536352305775
58  ==> 19 55 88 91 106 109 127  #SUP: 7212 #CONF: 0.9986153420105234
55  ==> 37 58 88 91 106 109 127  #SUP: 7212 #CONF: 0.9988919667590028
88  ==> 19 55 58 91 109 124 127  #SUP: 7212 #CONF: 0.999168744804655
88  ==> 37 55 58 91 106 109 127  #SUP: 7212 #CONF: 0.999168744804655
124  ==> 37 55 58 88 91 109 127  #SUP: 7212 #CONF: 0.999168744804655
19  ==> 55 58 91 106 109 124 127  #SUP: 7212 #CONF: 0.9987536352305775
91  ==> 19 55 58 106 109 124 127  #SUP: 7212 #CONF: 0.9987536352305775
55  ==> 19 58 88 91 106 109 127  #SUP: 7212 #CONF: 0.9988919667590028
55  ==> 19 58 91 106 109 124 127  #SUP: 7212 #CONF: 0.9988919667590028
19  ==> 55 58 88 91 109 124 127  #SUP: 7212 #CONF: 0.9987536352305775
55  ==> 37 58 88 91 109 124 127  #SUP: 7212 #CONF: 0.9988919667590028
127  ==> 37 55 58 88 91 109 124  #SUP: 7212 #CONF: 0.9987536352305775
127  ==> 37 55 58 88 91 106 109  #SUP: 7212 #CONF: 0.9987536352305775
91  ==> 19 55 58 88 109 124 127  #SUP: 7212 #CONF: 0.9987536352305775
109  ==> 37 55 58 88 91 124 127  #SUP: 7212 #CONF: 0.9987536352305775
91  ==> 37 55 58 106 109 124 127  #SUP: 7212 #CONF: 0.9987536352305775
55  ==> 19 58 88 91 109 124 127  #SUP: 7212 #CONF: 0.9988919667590028
55  ==> 37 58 91 106 109 124 127  #SUP: 7212 #CONF: 0.9988919667590028
91  ==> 58 88 106 109 124 127  #SUP: 7212 #CONF: 0.9987536352305775
109  ==> 58 88 91 106 124 127  #SUP: 7212 #CONF: 0.9987536352305775
88  ==> 37 55 58 91 109 124 127  #SUP: 7212 #CONF: 0.999168744804655
124  ==> 58 88 91 106 109 127  #SUP: 7212 #CONF: 0.999168744804655
58  ==> 88 91 106 109 124 127  #SUP: 7212 #CONF: 0.9986153420105234
19 37 55 127  ==> 58 91 106 109 124  #SUP: 7211 #CONF: 0.9991686296244977
19 37 55 106 124  ==> 58 91 109 127  #SUP: 7211 #CONF: 1.0
106  ==> 58 88 91 109 124 127  #SUP: 7212 #CONF: 0.999168744804655
88  ==> 58 91 106 109 124 127  #SUP: 7212 #CONF: 0.999168744804655
19 37 55 88 124  ==> 58 91 109 127  #SUP: 7211 #CONF: 1.0
37 55 88 106  ==> 19 58 91 109 127  #SUP: 7211 #CONF: 0.9998613422074321
37 55 88 124  ==> 19 58 91 109 127  #SUP: 7211 #CONF: 0.9998613422074321
19 37 55 88 106  ==> 58 91 109 127  #SUP: 7211 #CONF: 1.0
19 37 55 124  ==> 58 88 91 109 127  #SUP: 7211 #CONF: 0.9995841419462157
19 55 88 106  ==> 37 58 91 109 127  #SUP: 7211 #CONF: 0.9998613422074321
19 37 55 109  ==> 58 88 91 106 127  #SUP: 7211 #CONF: 0.9991686296244977
19 37 55 91  ==> 58 88 106 109 127  #SUP: 7211 #CONF: 0.9991686296244977
19 37 55 88  ==> 58 91 109 124 127  #SUP: 7211 #CONF: 0.9995841419462157
19 55 88 124  ==> 37 58 91 109 127  #SUP: 7211 #CONF: 0.9998613422074321
19 37 55 106  ==> 58 88 91 109 127  #SUP: 7211 #CONF: 0.9995841419462157
19 37 106 124  ==> 55 58 91 109 127  #SUP: 7211 #CONF: 0.9997227228615001
19 37 55 88  ==> 58 91 106 109 127  #SUP: 7211 #CONF: 0.9995841419462157
19 37 55 109  ==> 58 91 106 124 127  #SUP: 7211 #CONF: 0.9991686296244977
19 37 88 124  ==> 55 58 91 109 127  #SUP: 7211 #CONF: 0.9997227228615001
19 37 55 91  ==> 58 88 109 124 127  #SUP: 7211 #CONF: 0.9991686296244977
19 37 55 109  ==> 58 88 91 124 127  #SUP: 7211 #CONF: 0.9991686296244977
37 55 106 124  ==> 19 58 91 109 127  #SUP: 7211 #CONF: 0.9998613422074321
19 37 55 124  ==> 58 91 106 109 127  #SUP: 7211 #CONF: 0.9995841419462157
19 37 127  ==> 55 58 88 91 109 124  #SUP: 7211 #CONF: 0.9988918132705361
55 106 124  ==> 19 37 58 91 109 127  #SUP: 7211 #CONF: 0.9997227228615001
19 55 106 124  ==> 37 58 91 109 127  #SUP: 7211 #CONF: 0.9998613422074321
19 37 55 127  ==> 58 88 91 106 109  #SUP: 7211 #CONF: 0.9991686296244977
19 37 55 106  ==> 58 91 109 124 127  #SUP: 7211 #CONF: 0.9995841419462157
19 37 55 127  ==> 58 88 91 109 124  #SUP: 7211 #CONF: 0.9991686296244977
19 37 88 106  ==> 55 58 91 109 127  #SUP: 7211 #CONF: 0.9997227228615001
37 55 127  ==> 19 58 88 91 109 124  #SUP: 7211 #CONF: 0.9990302022720975
19 88 106 124  ==> 58 91 109 127  #SUP: 7211 #CONF: 1.0
37 88 106 124  ==> 58 91 109 127  #SUP: 7211 #CONF: 1.0
19 37 106  ==> 55 58 91 109 124 127  #SUP: 7211 #CONF: 0.9993070953436807
19 55 124  ==> 37 58 91 106 109 127  #SUP: 7211 #CONF: 0.9994455994455994
37 55 88  ==> 19 58 91 106 109 127  #SUP: 7211 #CONF: 0.9994455994455994
37 55 91  ==> 19 58 88 109 124 127  #SUP: 7211 #CONF: 0.9990302022720975
19 55 106  ==> 37 58 91 109 124 127  #SUP: 7211 #CONF: 0.9994455994455994
19 55 127  ==> 37 58 88 91 106 109  #SUP: 7211 #CONF: 0.9990302022720975
19 37 109  ==> 55 58 91 106 124 127  #SUP: 7211 #CONF: 0.9988918132705361
19 37 124  ==> 55 58 91 106 109 127  #SUP: 7211 #CONF: 0.9993070953436807
19 37 124  ==> 55 58 88 91 109 127  #SUP: 7211 #CONF: 0.9993070953436807
19 37 91  ==> 55 58 88 106 109 127  #SUP: 7211 #CONF: 0.9988918132705361
37 55 109  ==> 19 58 88 91 124 127  #SUP: 7211 #CONF: 0.9990302022720975
37 55 124  ==> 19 58 91 106 109 127  #SUP: 7211 #CONF: 0.9994455994455994
19 55 109  ==> 37 58 91 106 124 127  #SUP: 7211 #CONF: 0.9990302022720975
37 55 124  ==> 19 58 88 91 109 127  #SUP: 7211 #CONF: 0.9994455994455994
37 55 127  ==> 19 58 88 91 106 109  #SUP: 7211 #CONF: 0.9990302022720975
19 55 88  ==> 37 58 91 109 124 127  #SUP: 7211 #CONF: 0.9994455994455994
37 55 127  ==> 19 58 91 106 109 124  #SUP: 7211 #CONF: 0.9990302022720975
19 55 127  ==> 37 58 88 91 109 124  #SUP: 7211 #CONF: 0.9990302022720975
37 55 91  ==> 19 58 106 109 124 127  #SUP: 7211 #CONF: 0.9990302022720975
19 37 91  ==> 55 58 88 109 124 127  #SUP: 7211 #CONF: 0.9988918132705361
19 55 124  ==> 37 58 88 91 109 127  #SUP: 7211 #CONF: 0.9994455994455994
19 37 55  ==> 58 91 106 109 124 127  #SUP: 7211 #CONF: 0.9990302022720975
19 106 124  ==> 37 55 58 91 109 127  #SUP: 7211 #CONF: 0.9995841419462157
19 55 91  ==> 37 58 88 106 109 127  #SUP: 7211 #CONF: 0.9990302022720975
19 37 109  ==> 55 58 88 91 106 127  #SUP: 7211 #CONF: 0.9988918132705361
19 37 109  ==> 55 58 88 91 124 127  #SUP: 7211 #CONF: 0.9988918132705361
19 88 106  ==> 37 55 58 91 109 127  #SUP: 7211 #CONF: 0.9995841419462157
19 55 88  ==> 37 58 91 106 109 127  #SUP: 7211 #CONF: 0.9994455994455994
37 88 124  ==> 19 55 58 91 109 127  #SUP: 7211 #CONF: 0.9995841419462157
55 88 106  ==> 19 37 58 91 109 127  #SUP: 7211 #CONF: 0.9997227228615001
19 37 55  ==> 58 88 91 106 109 127  #SUP: 7211 #CONF: 0.9990302022720975
19 55 106  ==> 37 58 88 91 109 127  #SUP: 7211 #CONF: 0.9994455994455994
19 55 91  ==> 37 58 88 109 124 127  #SUP: 7211 #CONF: 0.9990302022720975
19 37 88  ==> 55 58 91 109 124 127  #SUP: 7211 #CONF: 0.9993070953436807
37 55 109  ==> 19 58 91 106 124 127  #SUP: 7211 #CONF: 0.9990302022720975
37 55 91  ==> 19 58 88 106 109 127  #SUP: 7211 #CONF: 0.9990302022720975
37 55 88  ==> 19 58 91 109 124 127  #SUP: 7211 #CONF: 0.9994455994455994
19 37 127  ==> 55 58 91 106 109 124  #SUP: 7211 #CONF: 0.9988918132705361
37 55 106  ==> 19 58 91 109 124 127  #SUP: 7211 #CONF: 0.9994455994455994
19 55 91  ==> 37 58 106 109 124 127  #SUP: 7211 #CONF: 0.9990302022720975
19 55 127  ==> 37 58 91 106 109 124  #SUP: 7211 #CONF: 0.9990302022720975
37 88 106  ==> 19 55 58 91 109 127  #SUP: 7211 #CONF: 0.9995841419462157
37 55 109  ==> 19 58 88 91 106 127  #SUP: 7211 #CONF: 0.9990302022720975
37 55 106  ==> 19 58 88 91 109 127  #SUP: 7211 #CONF: 0.9994455994455994
37 106 124  ==> 19 55 58 91 109 127  #SUP: 7211 #CONF: 0.9995841419462157
19 55 109  ==> 37 58 88 91 106 127  #SUP: 7211 #CONF: 0.9990302022720975
19 37 91  ==> 55 58 106 109 124 127  #SUP: 7211 #CONF: 0.9988918132705361
19 37 127  ==> 55 58 88 91 106 109  #SUP: 7211 #CONF: 0.9988918132705361
19 37 106  ==> 55 58 88 91 109 127  #SUP: 7211 #CONF: 0.9993070953436807
19 37 88  ==> 55 58 91 106 109 127  #SUP: 7211 #CONF: 0.9993070953436807
19 88 124  ==> 37 55 58 91 109 127  #SUP: 7211 #CONF: 0.9995841419462157
19 55 109  ==> 37 58 88 91 124 127  #SUP: 7211 #CONF: 0.9990302022720975
55 88 124  ==> 19 37 58 91 109 127  #SUP: 7211 #CONF: 0.9997227228615001
55 88 124  ==> 58 91 106 109 127  #SUP: 7210 #CONF: 0.9995840842922501
37 127  ==> 58 88 91 106 109 124  #SUP: 7211 #CONF: 0.9987534626038781
55 127  ==> 19 37 58 88 91 109 124  #SUP: 7211 #CONF: 0.9988918132705361
19 127  ==> 37 55 58 91 106 109 124  #SUP: 7211 #CONF: 0.9987534626038781
37 91  ==> 19 55 58 88 109 124 127  #SUP: 7211 #CONF: 0.9987534626038781
88 106 124  ==> 19 58 91 109 127  #SUP: 7211 #CONF: 0.9998613422074321
88 106 124  ==> 37 58 91 109 127  #SUP: 7211 #CONF: 0.9998613422074321
37 106 124  ==> 58 88 91 109 127  #SUP: 7211 #CONF: 0.9995841419462157
37 88 106  ==> 58 91 109 124 127  #SUP: 7211 #CONF: 0.9995841419462157
37 88 124  ==> 58 91 106 109 127  #SUP: 7211 #CONF: 0.9995841419462157
19 88 124  ==> 58 91 106 109 127  #SUP: 7211 #CONF: 0.9995841419462157
19 88 106  ==> 58 91 109 124 127  #SUP: 7211 #CONF: 0.9995841419462157
19 106 124  ==> 58 88 91 109 127  #SUP: 7211 #CONF: 0.9995841419462157
19 124  ==> 37 55 58 88 91 109 127  #SUP: 7211 #CONF: 0.9991686296244977
37 55  ==> 19 58 91 106 109 124 127  #SUP: 7211 #CONF: 0.9988918132705361
37 127  ==> 19 55 58 91 106 109 124  #SUP: 7211 #CONF: 0.9987534626038781
55 109  ==> 19 37 58 88 91 124 127  #SUP: 7211 #CONF: 0.9988918132705361
19 109  ==> 37 55 58 88 91 124 127  #SUP: 7211 #CONF: 0.9987534626038781
37 109  ==> 19 55 58 91 106 124 127  #SUP: 7211 #CONF: 0.9987534626038781
19 109  ==> 37 55 58 91 106 124 127  #SUP: 7211 #CONF: 0.9987534626038781
55 109  ==> 19 37 58 91 106 124 127  #SUP: 7211 #CONF: 0.9988918132705361
37 109  ==> 19 55 58 88 91 124 127  #SUP: 7211 #CONF: 0.9987534626038781
88 106  ==> 19 37 55 58 91 109 127  #SUP: 7211 #CONF: 0.9994455994455994
55 106  ==> 19 37 58 88 91 109 127  #SUP: 7211 #CONF: 0.9993070953436807
37 88  ==> 19 55 58 91 106 109 127  #SUP: 7211 #CONF: 0.9991686296244977
19 127  ==> 37 55 58 88 91 106 109  #SUP: 7211 #CONF: 0.9987534626038781
19 124  ==> 37 55 58 91 106 109 127  #SUP: 7211 #CONF: 0.9991686296244977
19 91  ==> 37 55 58 106 109 124 127  #SUP: 7211 #CONF: 0.9987534626038781
55 127  ==> 19 37 58 91 106 109 124  #SUP: 7211 #CONF: 0.9988918132705361
19 106  ==> 37 55 58 88 91 109 127  #SUP: 7211 #CONF: 0.9991686296244977
55 124  ==> 19 37 58 88 91 109 127  #SUP: 7211 #CONF: 0.9993070953436807
55 91  ==> 19 37 58 106 109 124 127  #SUP: 7211 #CONF: 0.9988918132705361
55 91  ==> 19 37 58 88 106 109 127  #SUP: 7211 #CONF: 0.9988918132705361
37 106  ==> 19 55 58 88 91 109 127  #SUP: 7211 #CONF: 0.9991686296244977
37 91  ==> 19 55 58 106 109 124 127  #SUP: 7211 #CONF: 0.9987534626038781
19 106  ==> 37 55 58 91 109 124 127  #SUP: 7211 #CONF: 0.9991686296244977
37 106  ==> 19 55 58 91 109 124 127  #SUP: 7211 #CONF: 0.9991686296244977
37 91  ==> 19 55 58 88 106 109 127  #SUP: 7211 #CONF: 0.9987534626038781
55 109  ==> 19 37 58 88 91 106 127  #SUP: 7211 #CONF: 0.9988918132705361
19 127  ==> 58 88 91 106 109 124  #SUP: 7211 #CONF: 0.9987534626038781
19 55  ==> 37 58 88 91 109 124 127  #SUP: 7211 #CONF: 0.9988918132705361
37 127  ==> 19 55 58 88 91 106 109  #SUP: 7211 #CONF: 0.9987534626038781
19 109  ==> 37 55 58 88 91 106 127  #SUP: 7211 #CONF: 0.9987534626038781
37 88  ==> 19 55 58 91 109 124 127  #SUP: 7211 #CONF: 0.9991686296244977
37 124  ==> 19 55 58 88 91 109 127  #SUP: 7211 #CONF: 0.9991686296244977
55 91  ==> 19 37 58 88 109 124 127  #SUP: 7211 #CONF: 0.9988918132705361
55 124  ==> 19 37 58 91 106 109 127  #SUP: 7211 #CONF: 0.9993070953436807
37 109  ==> 19 55 58 88 91 106 127  #SUP: 7211 #CONF: 0.9987534626038781
55 106  ==> 19 37 58 91 109 124 127  #SUP: 7211 #CONF: 0.9993070953436807
19 55  ==> 37 58 91 106 109 124 127  #SUP: 7211 #CONF: 0.9988918132705361
19 91  ==> 37 55 58 88 106 109 127  #SUP: 7211 #CONF: 0.9987534626038781
37 55  ==> 19 58 88 91 109 124 127  #SUP: 7211 #CONF: 0.9988918132705361
19 91  ==> 37 55 58 88 109 124 127  #SUP: 7211 #CONF: 0.9987534626038781
55 88  ==> 19 37 58 91 109 124 127  #SUP: 7211 #CONF: 0.9993070953436807
19 37  ==> 55 58 88 91 109 124 127  #SUP: 7211 #CONF: 0.9987534626038781
37 124  ==> 19 55 58 91 106 109 127  #SUP: 7211 #CONF: 0.9991686296244977
55 88  ==> 19 37 58 91 106 109 127  #SUP: 7211 #CONF: 0.9993070953436807
19 37  ==> 55 58 88 91 106 109 127  #SUP: 7211 #CONF: 0.9987534626038781
88 124  ==> 19 37 55 58 91 109 127  #SUP: 7211 #CONF: 0.9994455994455994
19 127  ==> 37 55 58 88 91 109 124  #SUP: 7211 #CONF: 0.9987534626038781
19 37  ==> 55 58 91 106 109 124 127  #SUP: 7211 #CONF: 0.9987534626038781
106 124  ==> 19 37 55 58 91 109 127  #SUP: 7211 #CONF: 0.9994455994455994
19 55  ==> 37 58 88 91 106 109 127  #SUP: 7211 #CONF: 0.9988918132705361
19 88  ==> 37 55 58 91 106 109 127  #SUP: 7211 #CONF: 0.9991686296244977
19 88  ==> 37 55 58 91 109 124 127  #SUP: 7211 #CONF: 0.9991686296244977
37 127  ==> 19 55 58 88 91 109 124  #SUP: 7211 #CONF: 0.9987534626038781
37 55  ==> 19 58 88 91 106 109 127  #SUP: 7211 #CONF: 0.9988918132705361
88 106  ==> 37 58 91 109 124 127  #SUP: 7211 #CONF: 0.9994455994455994
55 127  ==> 19 37 58 88 91 106 109  #SUP: 7211 #CONF: 0.9988918132705361
37 109  ==> 58 88 91 106 124 127  #SUP: 7211 #CONF: 0.9987534626038781
19 109  ==> 58 88 91 106 124 127  #SUP: 7211 #CONF: 0.9987534626038781
106 124  ==> 37 58 88 91 109 127  #SUP: 7211 #CONF: 0.9994455994455994
37 106  ==> 58 88 91 109 124 127  #SUP: 7211 #CONF: 0.9991686296244977
37 91  ==> 58 88 106 109 124 127  #SUP: 7211 #CONF: 0.9987534626038781
37 88  ==> 58 91 106 109 124 127  #SUP: 7211 #CONF: 0.9991686296244977
19 124  ==> 58 88 91 106 109 127  #SUP: 7211 #CONF: 0.9991686296244977
106 124  ==> 19 58 88 91 109 127  #SUP: 7211 #CONF: 0.9994455994455994
19 91  ==> 58 88 106 109 124 127  #SUP: 7211 #CONF: 0.9987534626038781
88 124  ==> 37 58 91 106 109 127  #SUP: 7211 #CONF: 0.9994455994455994
19 106  ==> 58 88 91 109 124 127  #SUP: 7211 #CONF: 0.9991686296244977
37 124  ==> 58 88 91 106 109 127  #SUP: 7211 #CONF: 0.9991686296244977
88 106  ==> 19 58 91 109 124 127  #SUP: 7211 #CONF: 0.9994455994455994
19 88  ==> 58 91 106 109 124 127  #SUP: 7211 #CONF: 0.9991686296244977
88  ==> 37 58 91 106 109 124 127  #SUP: 7211 #CONF: 0.9990302022720975
91  ==> 19 37 55 58 106 109 124 127  #SUP: 7211 #CONF: 0.9986151502561972
127  ==> 19 37 55 58 88 91 109 124  #SUP: 7211 #CONF: 0.9986151502561972
91  ==> 19 37 55 58 88 109 124 127  #SUP: 7211 #CONF: 0.9986151502561972
37  ==> 19 55 58 91 106 109 124 127  #SUP: 7211 #CONF: 0.9986151502561972
88 124  ==> 19 58 91 106 109 127  #SUP: 7211 #CONF: 0.9994455994455994
55  ==> 19 37 58 88 91 106 109 127  #SUP: 7211 #CONF: 0.9987534626038781
106  ==> 19 37 55 58 88 91 109 127  #SUP: 7211 #CONF: 0.9990302022720975
127  ==> 19 37 55 58 88 91 106 109  #SUP: 7211 #CONF: 0.9986151502561972
91  ==> 19 37 55 58 88 106 109 127  #SUP: 7211 #CONF: 0.9986151502561972
109  ==> 19 37 55 58 91 106 124 127  #SUP: 7211 #CONF: 0.9986151502561972
127  ==> 19 37 55 58 91 106 109 124  #SUP: 7211 #CONF: 0.9986151502561972
37  ==> 19 55 58 88 91 106 109 127  #SUP: 7211 #CONF: 0.9986151502561972
19  ==> 37 55 58 88 91 109 124 127  #SUP: 7211 #CONF: 0.9986151502561972
124  ==> 19 37 55 58 91 106 109 127  #SUP: 7211 #CONF: 0.9990302022720975
58  ==> 19 37 55 88 91 106 109 127  #SUP: 7211 #CONF: 0.9984768762115758
124  ==> 19 37 55 58 88 91 109 127  #SUP: 7211 #CONF: 0.9990302022720975
58  ==> 19 37 55 88 91 109 124 127  #SUP: 7211 #CONF: 0.9984768762115758
58  ==> 19 37 55 91 106 109 124 127  #SUP: 7211 #CONF: 0.9984768762115758
55  ==> 19 37 58 88 91 109 124 127  #SUP: 7211 #CONF: 0.9987534626038781
19  ==> 37 55 58 88 91 106 109 127  #SUP: 7211 #CONF: 0.9986151502561972
106  ==> 19 37 55 58 91 109 124 127  #SUP: 7211 #CONF: 0.9990302022720975
55  ==> 19 37 58 91 106 109 124 127  #SUP: 7211 #CONF: 0.9987534626038781
127  ==> 19 58 88 91 106 109 124  #SUP: 7211 #CONF: 0.9986151502561972
109  ==> 19 58 88 91 106 124 127  #SUP: 7211 #CONF: 0.9986151502561972
19  ==> 37 55 58 91 106 109 124 127  #SUP: 7211 #CONF: 0.9986151502561972
37  ==> 19 55 58 88 91 109 124 127  #SUP: 7211 #CONF: 0.9986151502561972
109  ==> 19 37 55 58 88 91 124 127  #SUP: 7211 #CONF: 0.9986151502561972
109  ==> 19 37 55 58 88 91 106 127  #SUP: 7211 #CONF: 0.9986151502561972
88  ==> 19 37 55 58 91 109 124 127  #SUP: 7211 #CONF: 0.9990302022720975
88  ==> 19 37 55 58 91 106 109 127  #SUP: 7211 #CONF: 0.9990302022720975
58  ==> 37 88 91 106 109 124 127  #SUP: 7211 #CONF: 0.9984768762115758
106  ==> 19 58 88 91 109 124 127  #SUP: 7211 #CONF: 0.9990302022720975
127  ==> 37 58 88 91 106 109 124  #SUP: 7211 #CONF: 0.9986151502561972
109  ==> 37 58 88 91 106 124 127  #SUP: 7211 #CONF: 0.9986151502561972
58  ==> 19 88 91 106 109 124 127  #SUP: 7211 #CONF: 0.9984768762115758
88  ==> 19 58 91 106 109 124 127  #SUP: 7211 #CONF: 0.9990302022720975
106  ==> 37 58 88 91 109 124 127  #SUP: 7211 #CONF: 0.9990302022720975
91  ==> 37 58 88 106 109 124 127  #SUP: 7211 #CONF: 0.9986151502561972
124  ==> 37 58 88 91 106 109 127  #SUP: 7211 #CONF: 0.9990302022720975
124  ==> 19 58 88 91 106 109 127  #SUP: 7211 #CONF: 0.9990302022720975
91  ==> 19 58 88 106 109 124 127  #SUP: 7211 #CONF: 0.9986151502561972
19  ==> 58 88 91 106 109 124 127  #SUP: 7211 #CONF: 0.9986151502561972
37  ==> 58 88 91 106 109 124 127  #SUP: 7211 #CONF: 0.9986151502561972
19 88 106  ==> 37 58 91 109 124 127  #SUP: 7210 #CONF: 0.9994455225949542
19 37 106 124  ==> 58 88 91 109 127  #SUP: 7210 #CONF: 0.9995840842922501
19 37 88 124  ==> 58 91 106 109 127  #SUP: 7210 #CONF: 0.9995840842922501
19 88 106 124  ==> 37 58 91 109 127  #SUP: 7210 #CONF: 0.9998613229787824
19 37 88 106 124  ==> 58 91 109 127  #SUP: 7210 #CONF: 1.0
37 88 106 124  ==> 19 58 91 109 127  #SUP: 7210 #CONF: 0.9998613229787824
55 88 106 124  ==> 58 91 109 127  #SUP: 7210 #CONF: 1.0
19 37 88 106  ==> 58 91 109 124 127  #SUP: 7210 #CONF: 0.9995840842922501
19 37 91  ==> 58 88 106 109 124 127  #SUP: 7210 #CONF: 0.9987532899293531
19 37 106  ==> 58 88 91 109 124 127  #SUP: 7210 #CONF: 0.9991685144124168
88 106 124  ==> 19 37 58 91 109 127  #SUP: 7210 #CONF: 0.9997226844148641
37 106 124  ==> 19 58 88 91 109 127  #SUP: 7210 #CONF: 0.9994455225949542
19 37 88  ==> 58 91 106 109 124 127  #SUP: 7210 #CONF: 0.9991685144124168
19 37 109  ==> 58 88 91 106 124 127  #SUP: 7210 #CONF: 0.9987532899293531
19 88 124  ==> 37 58 91 106 109 127  #SUP: 7210 #CONF: 0.9994455225949542
19 37 127  ==> 58 88 91 106 109 124  #SUP: 7210 #CONF: 0.9987532899293531
55 106 124  ==> 58 88 91 109 127  #SUP: 7210 #CONF: 0.9995840842922501
37 88 106  ==> 19 58 91 109 124 127  #SUP: 7210 #CONF: 0.9994455225949542
19 37 124  ==> 58 88 91 106 109 127  #SUP: 7210 #CONF: 0.9991685144124168
19 106 124  ==> 37 58 88 91 109 127  #SUP: 7210 #CONF: 0.9994455225949542
37 88 124  ==> 19 58 91 106 109 127  #SUP: 7210 #CONF: 0.9994455225949542
55 88 106  ==> 58 91 109 124 127  #SUP: 7210 #CONF: 0.9995840842922501
88 106 124  ==> 55 58 91 109 127  #SUP: 7210 #CONF: 0.9997226844148641
19 127  ==> 55 58 88 91 106 109 124  #SUP: 7209 #CONF: 0.9984764542936289
37 55 88 124  ==> 58 91 106 109 127  #SUP: 7209 #CONF: 0.9995840266222962
88 124  ==> 55 58 91 106 109 127  #SUP: 7210 #CONF: 0.9993069993069993
19 88  ==> 37 58 91 106 109 124 127  #SUP: 7210 #CONF: 0.9990300678952473
106 124  ==> 19 37 58 88 91 109 127  #SUP: 7210 #CONF: 0.9993069993069993
37 88  ==> 19 58 91 106 109 124 127  #SUP: 7210 #CONF: 0.9990300678952473
88 106  ==> 19 37 58 91 109 124 127  #SUP: 7210 #CONF: 0.9993069993069993
37 106  ==> 19 58 88 91 109 124 127  #SUP: 7210 #CONF: 0.9990300678952473
19 37  ==> 58 88 91 106 109 124 127  #SUP: 7210 #CONF: 0.9986149584487535
19 127  ==> 37 58 88 91 106 109 124  #SUP: 7210 #CONF: 0.9986149584487535
88 124  ==> 19 37 58 91 106 109 127  #SUP: 7210 #CONF: 0.9993069993069993
19 106  ==> 37 58 88 91 109 124 127  #SUP: 7210 #CONF: 0.9990300678952473
37 91  ==> 19 58 88 106 109 124 127  #SUP: 7210 #CONF: 0.9986149584487535
19 91  ==> 37 58 88 106 109 124 127  #SUP: 7210 #CONF: 0.9986149584487535
19 109  ==> 37 58 88 91 106 124 127  #SUP: 7210 #CONF: 0.9986149584487535
19 124  ==> 37 58 88 91 106 109 127  #SUP: 7210 #CONF: 0.9990300678952473
37 127  ==> 19 58 88 91 106 109 124  #SUP: 7210 #CONF: 0.9986149584487535
37 109  ==> 19 58 88 91 106 124 127  #SUP: 7210 #CONF: 0.9986149584487535
37 124  ==> 19 58 88 91 106 109 127  #SUP: 7210 #CONF: 0.9990300678952473
106 124  ==> 55 58 88 91 109 127  #SUP: 7210 #CONF: 0.9993069993069993
106  ==> 55 58 88 91 109 124 127  #SUP: 7210 #CONF: 0.9988916597395401
91  ==> 19 37 58 88 106 109 124 127  #SUP: 7210 #CONF: 0.9984766652818169
55 124  ==> 58 88 91 106 109 127  #SUP: 7210 #CONF: 0.9991685144124168
55 127  ==> 58 88 91 106 109 124  #SUP: 7210 #CONF: 0.9987532899293531
88 106  ==> 55 58 91 109 124 127  #SUP: 7210 #CONF: 0.9993069993069993
55 109  ==> 58 88 91 106 124 127  #SUP: 7210 #CONF: 0.9987532899293531
55 106  ==> 58 88 91 109 124 127  #SUP: 7210 #CONF: 0.9991685144124168
55 91  ==> 58 88 106 109 124 127  #SUP: 7210 #CONF: 0.9987532899293531
55 88  ==> 58 91 106 109 124 127  #SUP: 7210 #CONF: 0.9991685144124168
106  ==> 19 37 58 88 91 109 124 127  #SUP: 7210 #CONF: 0.9988916597395401
88  ==> 19 37 58 91 106 109 124 127  #SUP: 7210 #CONF: 0.9988916597395401
37  ==> 19 58 88 91 106 109 124 127  #SUP: 7210 #CONF: 0.9984766652818169
124  ==> 19 37 58 88 91 106 109 127  #SUP: 7210 #CONF: 0.9988916597395401
109  ==> 19 37 58 88 91 106 124 127  #SUP: 7210 #CONF: 0.9984766652818169
58  ==> 19 37 88 91 106 109 124 127  #SUP: 7210 #CONF: 0.998338410412628
127  ==> 19 37 58 88 91 106 109 124  #SUP: 7210 #CONF: 0.9984766652818169
19  ==> 37 58 88 91 106 109 124 127  #SUP: 7210 #CONF: 0.9984766652818169
109  ==> 55 58 88 91 106 124 127  #SUP: 7210 #CONF: 0.9984766652818169
58  ==> 55 88 91 106 109 124 127  #SUP: 7210 #CONF: 0.998338410412628
88  ==> 55 58 91 106 109 124 127  #SUP: 7210 #CONF: 0.9988916597395401
91  ==> 55 58 88 106 109 124 127  #SUP: 7210 #CONF: 0.9984766652818169
124  ==> 55 58 88 91 106 109 127  #SUP: 7210 #CONF: 0.9988916597395401
127  ==> 55 58 88 91 106 109 124  #SUP: 7210 #CONF: 0.9984766652818169
55  ==> 58 88 91 106 109 124 127  #SUP: 7210 #CONF: 0.9986149584487535
37 88 106 124  ==> 55 58 91 109 127  #SUP: 7209 #CONF: 0.9997226459575649
19 55 88 106 124  ==> 58 91 109 127  #SUP: 7209 #CONF: 1.0
37 55 88 106 124  ==> 58 91 109 127  #SUP: 7209 #CONF: 1.0
55 88 106 124  ==> 37 58 91 109 127  #SUP: 7209 #CONF: 0.9998613037447989
19 55 106 124  ==> 58 88 91 109 127  #SUP: 7209 #CONF: 0.9995840266222962
37 55 106 124  ==> 58 88 91 109 127  #SUP: 7209 #CONF: 0.9995840266222962
19 55 88 106  ==> 58 91 109 124 127  #SUP: 7209 #CONF: 0.9995840266222962
19 88 106 124  ==> 55 58 91 109 127  #SUP: 7209 #CONF: 0.9997226459575649
19 55 88 124  ==> 58 91 106 109 127  #SUP: 7209 #CONF: 0.9995840266222962
19 55 106  ==> 58 88 91 109 124 127  #SUP: 7209 #CONF: 0.9991683991683992
19 55 127  ==> 58 88 91 106 109 124  #SUP: 7209 #CONF: 0.9987531172069826
19 55 124  ==> 58 88 91 106 109 127  #SUP: 7209 #CONF: 0.9991683991683992
37 55 88  ==> 58 91 106 109 124 127  #SUP: 7209 #CONF: 0.9991683991683992
37 55 88 106  ==> 58 91 109 124 127  #SUP: 7209 #CONF: 0.9995840266222962
55 88 106 124  ==> 19 58 91 109 127  #SUP: 7209 #CONF: 0.9998613037447989
88 106 124  ==> 19 55 58 91 109 127  #SUP: 7209 #CONF: 0.9995840266222962
55 88 124  ==> 19 58 91 106 109 127  #SUP: 7209 #CONF: 0.9994454457230001
37 106 124  ==> 55 58 88 91 109 127  #SUP: 7209 #CONF: 0.9993069032436929
19 55 88  ==> 58 91 106 109 124 127  #SUP: 7209 #CONF: 0.9991683991683992
37 55 106  ==> 58 88 91 109 124 127  #SUP: 7209 #CONF: 0.9991683991683992
55 88 106  ==> 37 58 91 109 124 127  #SUP: 7209 #CONF: 0.9994454457230001
19 106 124  ==> 55 58 88 91 109 127  #SUP: 7209 #CONF: 0.9993069032436929
55 106 124  ==> 19 58 88 91 109 127  #SUP: 7209 #CONF: 0.9994454457230001
55 106 124  ==> 37 58 88 91 109 127  #SUP: 7209 #CONF: 0.9994454457230001
37 55 109  ==> 58 88 91 106 124 127  #SUP: 7209 #CONF: 0.9987531172069826
55 88 106  ==> 19 58 91 109 124 127  #SUP: 7209 #CONF: 0.9994454457230001
37 55 127  ==> 58 88 91 106 109 124  #SUP: 7209 #CONF: 0.9987531172069826
19 55 91  ==> 58 88 106 109 124 127  #SUP: 7209 #CONF: 0.9987531172069826
55 88 124  ==> 37 58 91 106 109 127  #SUP: 7209 #CONF: 0.9994454457230001
19 88 124  ==> 55 58 91 106 109 127  #SUP: 7209 #CONF: 0.9993069032436929
88 106 124  ==> 37 55 58 91 109 127  #SUP: 7209 #CONF: 0.9995840266222962
19 55 109  ==> 58 88 91 106 124 127  #SUP: 7209 #CONF: 0.9987531172069826
37 55 124  ==> 58 88 91 106 109 127  #SUP: 7209 #CONF: 0.9991683991683992
37 55 91  ==> 58 88 106 109 124 127  #SUP: 7209 #CONF: 0.9987531172069826
37 88 124  ==> 55 58 91 106 109 127  #SUP: 7209 #CONF: 0.9993069032436929
19 88 106  ==> 55 58 91 109 124 127  #SUP: 7209 #CONF: 0.9993069032436929
37 88 106  ==> 55 58 91 109 124 127  #SUP: 7209 #CONF: 0.9993069032436929
55 91  ==> 37 58 88 106 109 124 127  #SUP: 7209 #CONF: 0.99861476658817
37 127  ==> 55 58 88 91 106 109 124  #SUP: 7209 #CONF: 0.9984764542936289
88 106  ==> 37 55 58 91 109 124 127  #SUP: 7209 #CONF: 0.9991683991683992
55 106  ==> 37 58 88 91 109 124 127  #SUP: 7209 #CONF: 0.999029933481153
19 55  ==> 58 88 91 106 109 124 127  #SUP: 7209 #CONF: 0.99861476658817
55 88  ==> 19 58 91 106 109 124 127  #SUP: 7209 #CONF: 0.999029933481153
88 124  ==> 37 55 58 91 106 109 127  #SUP: 7209 #CONF: 0.9991683991683992
37 88  ==> 55 58 91 106 109 124 127  #SUP: 7209 #CONF: 0.998891506165997
55 91  ==> 19 58 88 106 109 124 127  #SUP: 7209 #CONF: 0.99861476658817
37 91  ==> 55 58 88 106 109 124 127  #SUP: 7209 #CONF: 0.9984764542936289
37 106  ==> 55 58 88 91 109 124 127  #SUP: 7209 #CONF: 0.998891506165997
55 109  ==> 19 58 88 91 106 124 127  #SUP: 7209 #CONF: 0.99861476658817
19 88  ==> 55 58 91 106 109 124 127  #SUP: 7209 #CONF: 0.998891506165997
19 109  ==> 55 58 88 91 106 124 127  #SUP: 7209 #CONF: 0.9984764542936289
19 91  ==> 55 58 88 106 109 124 127  #SUP: 7209 #CONF: 0.9984764542936289
37 124  ==> 55 58 88 91 106 109 127  #SUP: 7209 #CONF: 0.998891506165997
88 124  ==> 19 55 58 91 106 109 127  #SUP: 7209 #CONF: 0.9991683991683992
37 109  ==> 55 58 88 91 106 124 127  #SUP: 7209 #CONF: 0.9984764542936289
37 55  ==> 58 88 91 106 109 124 127  #SUP: 7209 #CONF: 0.99861476658817
55 127  ==> 37 58 88 91 106 109 124  #SUP: 7209 #CONF: 0.99861476658817
55 124  ==> 37 58 88 91 106 109 127  #SUP: 7209 #CONF: 0.999029933481153
19 124  ==> 55 58 88 91 106 109 127  #SUP: 7209 #CONF: 0.998891506165997
88 106  ==> 19 55 58 91 109 124 127  #SUP: 7209 #CONF: 0.9991683991683992
55 88  ==> 37 58 91 106 109 124 127  #SUP: 7209 #CONF: 0.999029933481153
55 127  ==> 19 58 88 91 106 109 124  #SUP: 7209 #CONF: 0.99861476658817
55 124  ==> 19 58 88 91 106 109 127  #SUP: 7209 #CONF: 0.999029933481153
106 124  ==> 19 55 58 88 91 109 127  #SUP: 7209 #CONF: 0.9991683991683992
106 124  ==> 37 55 58 88 91 109 127  #SUP: 7209 #CONF: 0.9991683991683992
19 106  ==> 55 58 88 91 109 124 127  #SUP: 7209 #CONF: 0.998891506165997
55 109  ==> 37 58 88 91 106 124 127  #SUP: 7209 #CONF: 0.99861476658817
55 106  ==> 19 58 88 91 109 124 127  #SUP: 7209 #CONF: 0.999029933481153
19 37 55 127  ==> 58 88 91 106 109 124  #SUP: 7208 #CONF: 0.9987529444367466
37 88 106 124  ==> 19 55 58 91 109 127  #SUP: 7208 #CONF: 0.9995839689363473
88  ==> 37 55 58 91 106 109 124 127  #SUP: 7209 #CONF: 0.9987531172069826
127  ==> 37 55 58 88 91 106 109 124  #SUP: 7209 #CONF: 0.9983381803074366
55  ==> 19 58 88 91 106 109 124 127  #SUP: 7209 #CONF: 0.9984764542936289
106  ==> 19 55 58 88 91 109 124 127  #SUP: 7209 #CONF: 0.9987531172069826
127  ==> 19 55 58 88 91 106 109 124  #SUP: 7209 #CONF: 0.9983381803074366
109  ==> 37 55 58 88 91 106 124 127  #SUP: 7209 #CONF: 0.9983381803074366
124  ==> 37 55 58 88 91 106 109 127  #SUP: 7209 #CONF: 0.9987531172069826
106  ==> 37 55 58 88 91 109 124 127  #SUP: 7209 #CONF: 0.9987531172069826
58  ==> 19 55 88 91 106 109 124 127  #SUP: 7209 #CONF: 0.9981999446136804
91  ==> 19 55 58 88 106 109 124 127  #SUP: 7209 #CONF: 0.9983381803074366
91  ==> 37 55 58 88 106 109 124 127  #SUP: 7209 #CONF: 0.9983381803074366
19  ==> 55 58 88 91 106 109 124 127  #SUP: 7209 #CONF: 0.9983381803074366
19 37 55 88 124  ==> 58 91 106 109 127  #SUP: 7208 #CONF: 0.9995839689363473
19 37 88 106 124  ==> 55 58 91 109 127  #SUP: 7208 #CONF: 0.9997226074895977
55  ==> 37 58 88 91 106 109 124 127  #SUP: 7209 #CONF: 0.9984764542936289
109  ==> 19 55 58 88 91 106 124 127  #SUP: 7209 #CONF: 0.9983381803074366
58  ==> 37 55 88 91 106 109 124 127  #SUP: 7209 #CONF: 0.9981999446136804
124  ==> 19 55 58 88 91 106 109 127  #SUP: 7209 #CONF: 0.9987531172069826
88  ==> 19 55 58 91 106 109 124 127  #SUP: 7209 #CONF: 0.9987531172069826
19 37 55 88 106 124  ==> 58 91 109 127  #SUP: 7208 #CONF: 1.0
37  ==> 55 58 88 91 106 109 124 127  #SUP: 7209 #CONF: 0.9983381803074366
37 55 88 106 124  ==> 19 58 91 109 127  #SUP: 7208 #CONF: 0.9998612845054793
19 37 55 88 106  ==> 58 91 109 124 127  #SUP: 7208 #CONF: 0.9995839689363473
19 37 55 106 124  ==> 58 88 91 109 127  #SUP: 7208 #CONF: 0.9995839689363473
19 55 88 106 124  ==> 37 58 91 109 127  #SUP: 7208 #CONF: 0.9998612845054793
19 37 55 91  ==> 58 88 106 109 124 127  #SUP: 7208 #CONF: 0.9987529444367466
19 37 106 124  ==> 55 58 88 91 109 127  #SUP: 7208 #CONF: 0.9993068071537502
19 55 88 124  ==> 37 58 91 106 109 127  #SUP: 7208 #CONF: 0.9994453688297282
19 55 88 106  ==> 37 58 91 109 124 127  #SUP: 7208 #CONF: 0.9994453688297282
19 37 88 106  ==> 55 58 91 109 124 127  #SUP: 7208 #CONF: 0.9993068071537502
37 55 106 124  ==> 19 58 88 91 109 127  #SUP: 7208 #CONF: 0.9994453688297282
19 37 88 124  ==> 55 58 91 106 109 127  #SUP: 7208 #CONF: 0.9993068071537502
19 37 55 88  ==> 58 91 106 109 124 127  #SUP: 7208 #CONF: 0.9991682838924314
19 37 55 106  ==> 58 88 91 109 124 127  #SUP: 7208 #CONF: 0.9991682838924314
19 55 106 124  ==> 37 58 88 91 109 127  #SUP: 7208 #CONF: 0.9994453688297282
55 88 106 124  ==> 19 37 58 91 109 127  #SUP: 7208 #CONF: 0.9997226074895977
19 37 55 124  ==> 58 88 91 106 109 127  #SUP: 7208 #CONF: 0.9991682838924314
19 88 106 124  ==> 37 55 58 91 109 127  #SUP: 7208 #CONF: 0.9995839689363473
37 55 88 124  ==> 19 58 91 106 109 127  #SUP: 7208 #CONF: 0.9994453688297282
19 37 55 109  ==> 58 88 91 106 124 127  #SUP: 7208 #CONF: 0.9987529444367466
37 55 88 106  ==> 19 58 91 109 124 127  #SUP: 7208 #CONF: 0.9994453688297282
19 37 91  ==> 55 58 88 106 109 124 127  #SUP: 7208 #CONF: 0.9984762432469871
19 55 127  ==> 37 58 88 91 106 109 124  #SUP: 7208 #CONF: 0.998614574674425
19 37 55  ==> 58 88 91 106 109 124 127  #SUP: 7208 #CONF: 0.998614574674425
37 55 127  ==> 19 58 88 91 106 109 124  #SUP: 7208 #CONF: 0.998614574674425
19 37 109  ==> 55 58 88 91 106 124 127  #SUP: 7208 #CONF: 0.9984762432469871
19 37 124  ==> 55 58 88 91 106 109 127  #SUP: 7208 #CONF: 0.9988913525498891
55 88 124  ==> 19 37 58 91 106 109 127  #SUP: 7208 #CONF: 0.9993068071537502
37 88 106  ==> 19 55 58 91 109 124 127  #SUP: 7208 #CONF: 0.9991682838924314
37 88 124  ==> 19 55 58 91 106 109 127  #SUP: 7208 #CONF: 0.9991682838924314
19 55 124  ==> 37 58 88 91 106 109 127  #SUP: 7208 #CONF: 0.999029799029799
37 106 124  ==> 19 55 58 88 91 109 127  #SUP: 7208 #CONF: 0.9991682838924314
37 55 91  ==> 19 58 88 106 109 124 127  #SUP: 7208 #CONF: 0.998614574674425
19 37 127  ==> 55 58 88 91 106 109 124  #SUP: 7208 #CONF: 0.9984762432469871
55 106 124  ==> 19 37 58 88 91 109 127  #SUP: 7208 #CONF: 0.9993068071537502
19 55 91  ==> 37 58 88 106 109 124 127  #SUP: 7208 #CONF: 0.998614574674425
19 106 124  ==> 37 55 58 88 91 109 127  #SUP: 7208 #CONF: 0.9991682838924314
19 88 106  ==> 37 55 58 91 109 124 127  #SUP: 7208 #CONF: 0.9991682838924314
19 55 88  ==> 37 58 91 106 109 124 127  #SUP: 7208 #CONF: 0.999029799029799
37 55 106  ==> 19 58 88 91 109 124 127  #SUP: 7208 #CONF: 0.999029799029799
19 37 88  ==> 55 58 91 106 109 124 127  #SUP: 7208 #CONF: 0.9988913525498891
37 55 124  ==> 19 58 88 91 106 109 127  #SUP: 7208 #CONF: 0.999029799029799
19 37 106  ==> 55 58 88 91 109 124 127  #SUP: 7208 #CONF: 0.9988913525498891
19 88 124  ==> 37 55 58 91 106 109 127  #SUP: 7208 #CONF: 0.9991682838924314
19 55 106  ==> 37 58 88 91 109 124 127  #SUP: 7208 #CONF: 0.999029799029799
19 55 109  ==> 37 58 88 91 106 124 127  #SUP: 7208 #CONF: 0.998614574674425
55 88 106  ==> 19 37 58 91 109 124 127  #SUP: 7208 #CONF: 0.9993068071537502
88 106 124  ==> 19 37 55 58 91 109 127  #SUP: 7208 #CONF: 0.9994453688297282
37 55 109  ==> 19 58 88 91 106 124 127  #SUP: 7208 #CONF: 0.998614574674425
37 55 88  ==> 19 58 91 106 109 124 127  #SUP: 7208 #CONF: 0.999029799029799
37  ==> 34 58  #SUP: 7194 #CONF: 0.9962609056917324
37 91  ==> 19 55 58 88 106 109 124 127  #SUP: 7208 #CONF: 0.9983379501385041
55 106  ==> 19 37 58 88 91 109 124 127  #SUP: 7208 #CONF: 0.9988913525498891
19 127  ==> 37 55 58 88 91 106 109 124  #SUP: 7208 #CONF: 0.9983379501385041
88 106  ==> 19 37 55 58 91 109 124 127  #SUP: 7208 #CONF: 0.999029799029799
55 88  ==> 19 37 58 91 106 109 124 127  #SUP: 7208 #CONF: 0.9988913525498891
37 106  ==> 19 55 58 88 91 109 124 127  #SUP: 7208 #CONF: 0.9987529444367466
37 55  ==> 19 58 88 91 106 109 124 127  #SUP: 7208 #CONF: 0.9984762432469871
55 109  ==> 19 37 58 88 91 106 124 127  #SUP: 7208 #CONF: 0.9984762432469871
19 109  ==> 37 55 58 88 91 106 124 127  #SUP: 7208 #CONF: 0.9983379501385041
19 124  ==> 37 55 58 88 91 106 109 127  #SUP: 7208 #CONF: 0.9987529444367466
37 109  ==> 19 55 58 88 91 106 124 127  #SUP: 7208 #CONF: 0.9983379501385041
19 88  ==> 37 55 58 91 106 109 124 127  #SUP: 7208 #CONF: 0.9987529444367466
19 55  ==> 37 58 88 91 106 109 124 127  #SUP: 7208 #CONF: 0.9984762432469871
55 91  ==> 19 37 58 88 106 109 124 127  #SUP: 7208 #CONF: 0.9984762432469871
19 91  ==> 37 55 58 88 106 109 124 127  #SUP: 7208 #CONF: 0.9983379501385041
55 124  ==> 19 37 58 88 91 106 109 127  #SUP: 7208 #CONF: 0.9988913525498891
55 127  ==> 19 37 58 88 91 106 109 124  #SUP: 7208 #CONF: 0.9984762432469871
19 37  ==> 55 58 88 91 106 109 124 127  #SUP: 7208 #CONF: 0.9983379501385041
88 124  ==> 19 37 55 58 91 106 109 127  #SUP: 7208 #CONF: 0.999029799029799
106 124  ==> 19 37 55 58 88 91 109 127  #SUP: 7208 #CONF: 0.999029799029799
37 124  ==> 19 55 58 88 91 106 109 127  #SUP: 7208 #CONF: 0.9987529444367466
37 127  ==> 19 55 58 88 91 106 109 124  #SUP: 7208 #CONF: 0.9983379501385041
19 106  ==> 37 55 58 88 91 109 124 127  #SUP: 7208 #CONF: 0.9987529444367466
37 88  ==> 19 55 58 91 106 109 124 127  #SUP: 7208 #CONF: 0.9987529444367466
106  ==> 19 37 55 58 88 91 109 124 127  #SUP: 7208 #CONF: 0.998614574674425
37  ==> 19 55 58 88 91 106 109 124 127  #SUP: 7208 #CONF: 0.9981996953330564
55  ==> 19 37 58 88 91 106 109 124 127  #SUP: 7208 #CONF: 0.9983379501385041
91  ==> 19 37 55 58 88 106 109 124 127  #SUP: 7208 #CONF: 0.9981996953330564
127  ==> 19 37 55 58 88 91 106 109 124  #SUP: 7208 #CONF: 0.9981996953330564
124  ==> 19 37 55 58 88 91 106 109 127  #SUP: 7208 #CONF: 0.998614574674425
58  ==> 19 37 55 88 91 106 109 124 127  #SUP: 7208 #CONF: 0.9980614788147327
88  ==> 19 37 55 58 91 106 109 124 127  #SUP: 7208 #CONF: 0.998614574674425
19  ==> 37 55 58 88 91 106 109 124 127  #SUP: 7208 #CONF: 0.9981996953330564
109  ==> 19 37 55 58 88 91 106 124 127  #SUP: 7208 #CONF: 0.9981996953330564
34  ==> 37 58  #SUP: 7194 #CONF: 1.0
58  ==> 34 37  #SUP: 7194 #CONF: 0.9961229576294656
58  ==> 34 37 91 109 127  #SUP: 7193 #CONF: 0.9959844918305178
37 127  ==> 34 58 91 109  #SUP: 7193 #CONF: 0.9962603878116344
34 127  ==> 37 58 91 109  #SUP: 7193 #CONF: 1.0
37 91  ==> 34 58 109 127  #SUP: 7193 #CONF: 0.9962603878116344
34 109  ==> 37 58 91 127  #SUP: 7193 #CONF: 1.0
19 37  ==> 34 58  #SUP: 7193 #CONF: 0.9962603878116344
34 91  ==> 37 58 109 127  #SUP: 7193 #CONF: 1.0
37 109  ==> 34 58 91 127  #SUP: 7193 #CONF: 0.9962603878116344
19 34  ==> 37 58  #SUP: 7193 #CONF: 1.0
34  ==> 37 58 91 109 127  #SUP: 7193 #CONF: 0.9998609952738393
109  ==> 34 37 58 91 127  #SUP: 7193 #CONF: 0.9961224207173521
127  ==> 34 37 58 91 109  #SUP: 7193 #CONF: 0.9961224207173521
91  ==> 34 37 58 109 127  #SUP: 7193 #CONF: 0.9961224207173521
37  ==> 19 34 58  #SUP: 7193 #CONF: 0.9961224207173521
37  ==> 34 58 91 109 127  #SUP: 7193 #CONF: 0.9961224207173521
34  ==> 19 37 58  #SUP: 7193 #CONF: 0.9998609952738393
19  ==> 34 37 58  #SUP: 7193 #CONF: 0.9961224207173521
58  ==> 19 34 37  #SUP: 7193 #CONF: 0.9959844918305178
